   5.3799242e-01
   1.8342155e+00
  -2.2585109e+00
   8.6251482e-01
   3.1911247e-01
  -1.3073352e+00
  -4.3323279e-01
   3.4298998e-01
   3.5787689e+00
   2.7698157e+00
  -1.3495013e+00
   3.0353163e+00
   7.2580442e-01
  -6.2647004e-02
   7.1515872e-01
  -2.0454200e-01
  -1.2371174e-01
   1.4901391e+00
   1.4094852e+00
   1.4176527e+00
   6.7196742e-01
  -1.2070062e+00
   7.1773017e-01
   1.6307381e+00
   4.8940841e-01
   1.0352200e+00
   7.2742504e-01
  -3.0288748e-01
   2.9443910e-01
  -7.8670028e-01
   8.8899380e-01
  -1.1464555e+00
  -1.0682385e+00
  -8.0884847e-01
  -2.9436147e+00
   1.4390702e+00
   3.2590202e-01
  -7.5419397e-01
   1.3710572e+00
  -1.7107320e+00
  -1.0143058e-01
  -2.4060590e-01
   3.2007913e-01
   3.1376441e-01
  -8.6393831e-01
  -2.9071270e-02
  -1.6385770e-01
   6.2877309e-01
   1.0943795e+00
   1.1104390e+00
  -8.6243091e-01
   7.8642036e-02
  -1.2127677e+00
  -1.1120790e+00
  -5.3483768e-03
   1.5342180e+00
  -7.6798291e-01
   3.7316677e-01
  -2.2368052e-01
   1.1193884e+00
  -1.0868894e+00
   3.4891275e-02
   5.5503847e-01
   1.1033209e+00
   1.5471468e+00
   8.9119365e-02
  -1.4881148e+00
  -7.3849931e-01
  -1.0574053e+00
   2.3550632e+00
  -6.1050035e-01
   7.5375304e-01
  -1.8607226e-01
   8.9574214e-01
  -7.5679124e-01
  -1.3931117e+00
  -1.4119052e+00
   5.0024529e-01
  -1.6340667e-01
  -1.7974038e-01
   1.4385167e+00
   3.1439662e-01
   2.2516450e-01
   1.6208384e+00
  -7.6386124e-01
   7.4699610e-01
   8.9843451e-01
  -1.6283999e-01
   3.2067228e-01
  -1.0269408e+00
  -9.6031997e-01
   3.6431360e-01
   1.0903471e+00
   3.1224800e+00
   1.3902405e-01
   1.4273500e+00
   1.8494544e+00
   1.0277701e+00
   3.8100856e+00
   3.6347776e+00
   6.9601447e+00
   5.4559059e+00
   6.4711895e+00
   5.8253367e+00
   6.5999957e+00
   5.3156938e+00
   5.4981930e+00
   4.4688577e+00
   4.2317192e+00
   1.4386720e+00
  -1.0786671e+00
  -1.3388971e-01
   1.8428072e+00
  -7.1857348e-01
   1.2309715e+00
   3.4328349e-01
   1.6276161e+00
  -1.7813001e+00
  -1.4688160e-02
  -1.0064187e+00
   3.1457178e+00
   1.1232806e+00
   1.7727515e+00
  -5.1357373e-01
   3.1608630e-01
   8.9971497e-01
   2.8982819e+00
   2.5105113e+00
   4.9030819e+00
   3.7822582e+00
   6.8001763e+00
   6.9872171e+00
   6.4052442e+00
   8.5074147e+00
   8.2772628e+00
   7.8660189e+00
   5.8462386e+00
   6.9967855e+00
   4.6131118e+00
   2.5933584e+00
   1.9826648e+00
   1.1427660e+00
  -6.3335917e-01
   7.3392880e-01
   2.4795400e-01
   3.1764254e-01
   5.3870880e-01
   1.7597928e+00
   1.0504556e+00
   4.7897609e+00
   4.9280834e+00
   4.6899077e+00
   4.7686053e+00
   4.0123029e+00
   5.8230895e+00
   4.6475447e+00
   3.9438522e+00
   5.6646415e+00
   3.4595822e+00
   2.2882592e+00
   1.7995126e+00
   6.1716465e-01
  -1.0539230e-01
   3.2340558e+00
   2.1578554e+00
   6.7133900e-01
  -9.8791463e-01
  -6.6198395e-01
  -1.9547334e-02
   9.1491750e-01
  -1.2330178e+00
  -2.2490964e+00
  -1.3820395e+00
   3.9013051e-01
   4.3995620e-01
   4.9408340e-01
  -9.2692180e-02
   2.1754437e-01
  -4.4518996e-01
   8.9076767e-01
  -1.3346167e+00
   4.8089288e-01
  -8.2367762e-01
  -3.1035690e-01
   5.7710242e-01
   1.0634614e+00
  -1.0929727e+00
   1.2858516e+00
   6.8608920e-01
  -4.0939706e-02
  -1.6708334e-01
  -1.8801342e-01
  -2.7180044e-01
   5.6347929e-02
   8.6896477e-02
   8.6431609e-01
   1.5682631e+00
   5.1167162e-01
  -1.6098495e-01
   6.7846622e-01
   2.4171866e-01
  -9.6528127e-01
   1.0206176e+00
   3.8644697e-01
   2.2383136e-01
   6.1470543e-01
   3.7350797e-01
  -8.1451756e-01
  -1.7797787e-02
   1.9368203e-02
  -3.4162578e-01
   1.9025122e+00
  -6.1897896e-01
  -1.8277946e-01
  -3.5663219e-01
  -7.5170515e-01
   3.1378654e-01
   3.3653816e-01
   2.2724022e+00
   6.5995899e-01
   5.6123517e-02
   2.9915720e+00
   2.9600055e+00
   1.9146552e+00
   1.1463423e+00
   2.8015625e+00
   3.7468203e+00
   4.8532644e+00
   4.9476361e+00
   6.1834545e+00
   6.5298943e+00
   5.1534255e+00
   5.6189162e+00
   5.9250561e+00
   6.2314788e+00
   6.4930515e+00
   6.9165067e+00
   3.9835343e+00
   6.6725639e+00
   8.4763011e+00
   6.2321407e+00
   8.2362169e+00
   7.5930433e+00
   7.1205649e+00
   7.2643672e+00
   5.5395980e+00
   7.1727516e+00
   9.1359027e+00
   7.9716259e+00
   8.2429468e+00
   7.7137015e+00
   8.5493292e+00
   8.8389522e+00
   8.9866929e+00
   8.1068383e+00
   8.1585208e+00
   1.0346187e+01
   6.0040766e+00
   1.0428037e+01
   8.4363093e+00
   8.9177010e+00
   5.9419514e+00
   6.5381324e+00
   6.2028135e+00
   6.1268345e+00
   3.1991554e+00
   4.5247055e+00
   2.0999372e+00
   2.7441659e+00
   2.8066387e+00
   2.0598553e+00
   2.4809635e+00
   2.1407434e+00
   2.7620794e-01
   1.0204713e+00
  -3.1060969e-01
  -7.9125376e-01
   1.3726574e+00
   3.8120099e-01
   2.7212512e-01
   1.1939916e+00
   8.4115846e-01
   5.6680024e-01
   1.4419617e+00
   1.1007382e+00
   3.9332050e-01
  -5.5142467e-01
  -5.2494542e-01
   1.3082910e+00
  -1.5044605e+00
   7.5437593e-02
  -1.8552735e+00
   1.1087230e+00
   9.4543185e-01
   8.1093804e-02
   5.9420043e-03
  -2.4121043e+00
   6.5324009e-01
  -2.1220460e+00
  -2.2501826e+00
   1.4808950e-01
  -8.8094954e-01
   4.7868869e-01
   7.4411144e-01
   9.2505246e-01
  -6.2341707e-01
   5.1776567e-01
   1.6988178e-01
   8.9638595e-01
   6.0774246e-01
   9.7094170e-01
  -5.7220043e-02
  -7.0622713e-02
   1.0864106e+00
  -2.0427599e+00
  -4.2122875e-01
  -1.1845659e+00
  -2.9367041e-01
   7.4070203e-01
   9.2108954e-01
  -9.1600039e-01
  -3.6829322e-01
   2.4390027e-01
  -1.8060990e-01
   4.1774510e-01
   5.2084275e-01
  -8.0373338e-01
  -4.4933865e-02
  -1.9941554e+00
   1.2897429e+00
  -4.7784103e-01
  -1.0452758e+00
  -8.7557857e-02
  -1.2539240e+00
   1.6276290e-01
  -3.6754327e-01
   2.3810508e+00
   1.3525866e+00
  -2.2711629e+00
   6.7946541e-01
  -1.1467074e+00
   1.0615276e-02
   4.4533964e-01
   1.0450443e+00
   4.1840039e-02
   1.9100668e+00
  -1.2687745e-01
   7.0339916e-01
   1.0641150e+00
   5.0987447e-01
   1.3329131e+00
   8.0459021e-01
  -2.7102077e-01
  -1.2579615e+00
   2.4430548e+00
   1.9991057e-02
   7.7121691e-01
   1.2779275e+00
   8.7914337e-01
  -8.4171157e-02
   4.1243892e-01
   8.1984535e-01
   2.4936790e+00
   2.2973926e-01
   1.9573762e+00
   1.5702916e+00
   1.1240816e+00
   4.0506741e-01
   1.2903342e+00
   1.6090535e+00
   3.5691786e-01
   2.1587820e+00
   1.2946541e+00
   2.1833572e+00
   2.7848725e+00
   1.7254184e+00
   2.5333180e+00
   3.3727248e+00
   1.3967020e+00
   4.4861759e+00
   6.0986564e+00
   4.8622532e+00
   3.8184146e+00
   4.7945835e+00
   3.5597667e+00
   6.6988969e+00
   5.9799738e+00
   6.0353857e+00
   4.5692576e+00
   5.9485985e+00
   5.2387981e+00
   5.6379833e+00
   5.5150299e+00
   5.1781427e+00
   5.3975207e+00
   6.1830428e+00
   4.7660818e+00
   7.1311713e+00
   6.4524647e+00
   7.3057170e+00
   6.9036544e+00
   7.1484143e+00
   5.1852357e+00
   5.6577494e+00
   6.2372819e+00
   6.7978258e+00
   7.8192738e+00
   6.4021032e+00
   7.9548064e+00
   7.1698546e+00
   7.8698517e+00
   6.8240877e+00
   6.0416240e+00
   5.2178515e+00
   6.8545067e+00
   7.5155682e+00
   6.3997730e+00
   6.1432262e+00
   6.3621573e+00
   5.5548469e+00
   6.1315732e+00
   6.4081099e+00
   6.5887379e+00
   6.4217099e+00
   7.0269376e+00
   6.4418022e+00
   8.0498157e+00
   6.4377450e+00
   7.8075333e+00
   5.1461524e+00
   6.2533172e+00
   5.3185459e+00
   6.0297808e+00
   5.8786154e+00
   2.9644824e+00
   3.7078099e+00
   3.5055033e+00
   5.2966023e+00
   6.3582219e+00
   4.6046751e+00
   5.8357463e+00
   5.6968546e+00
   4.2390219e+00
   5.8070999e+00
   4.7278814e+00
   7.0029362e+00
   5.4009251e+00
   6.9720494e+00
   4.7892444e+00
   5.6750152e+00
   4.8983502e+00
   2.8231009e+00
   3.7519410e+00
   5.2301990e+00
   4.4241044e+00
   3.1786973e+00
   3.4284696e+00
   3.9934742e+00
   2.3817329e+00
   3.9482025e+00
   1.9312825e+00
   4.0075340e+00
   7.8995944e-01
   1.7900763e+00
  -1.6133469e-01
   4.4666967e-01
   4.2243473e-01
   1.2905123e+00
   1.7271868e+00
   9.9915076e-01
   2.5326022e-01
   1.3806729e+00
   1.3118902e+00
   5.8827096e-01
   1.0002811e+00
   8.0765643e-01
  -6.2223871e-01
   1.0975368e+00
  -3.4312776e-01
  -3.1130169e-01
   4.5020173e-01
  -5.1797335e-02
   1.0791692e-01
   8.2051140e-01
   1.2586247e+00
   1.5546979e-03
   5.1587794e-01
  -6.0551661e-02
   3.9767285e-01
   5.9909994e-01
  -4.6610429e-01
   4.1783323e-01
   7.3685709e-01
   2.2129988e-01
   1.8525080e+00
  -4.9181460e-01
  -6.2587139e-01
  -1.6439052e+00
   1.0115564e+00
   9.6354634e-01
   1.2229735e-02
   9.8650666e-01
   2.6787375e-01
   3.7131548e-01
   1.9002561e-01
   5.1377560e-01
   1.7240291e-01
   2.8551558e+00
  -1.1016118e+00
  -1.7918703e+00
  -1.0807430e+00
  -1.0357704e+00
  -3.7828336e-01
  -1.1528030e-01
  -1.6737615e-01
   5.9055774e-01
   4.3664777e-01
   7.9685588e-01
   1.8222102e+00
   1.2654218e+00
  -1.2424186e+00
  -2.2895697e+00
   9.3992909e-01
  -1.7989663e+00
   1.0216264e-01
   6.9674137e-02
   2.2602043e+00
  -3.7286455e-02
  -4.7645630e-01
   2.6566043e-01
   2.7468237e-01
   9.7990157e-02
  -5.8152946e-01
  -1.1963994e+00
   3.4187227e-01
  -1.3182860e+00
  -1.0083580e+00
   1.3543157e+00
  -3.9650093e-01
  -1.1858942e-01
   9.2091106e-01
  -2.7964064e-01
   1.0492418e+00
  -3.2576108e-01
   1.0315576e+00
   6.4756231e-01
  -1.9529513e-01
  -8.4846573e-01
  -1.0263465e+00
  -2.5375888e-01
  -4.2226616e-01
  -3.9321736e-01
   9.9859980e-01
  -2.8302971e-01
   1.1579739e+00
  -5.1768338e-01
   9.8615785e-01
  -5.0898978e-01
   1.8951983e-01
   9.8337351e-01
  -4.0163100e-01
  -4.2621209e-01
   2.0151774e+00
   9.6251957e-01
  -4.2072790e-01
   6.5997689e-01
  -3.4926987e-01
   7.1647158e-01
   1.4262254e+00
  -1.5943402e+00
   1.0388371e+00
   1.4677694e+00
   5.7099502e-02
   1.7557204e+00
   1.6469549e-01
  -1.2279587e+00
  -2.1844715e+00
  -3.2451379e-01
   7.2231577e-01
   3.2606813e-01
   4.2216753e-01
  -5.6862279e-01
   1.5237928e-01
  -1.6303644e+00
  -7.5185540e-01
  -8.1061565e-01
   5.2785905e-01
  -6.0669902e-03
  -1.1474629e+00
  -1.4740131e-03
  -6.8176383e-01
  -6.5864469e-01
   8.7222417e-01
   1.2152767e-01
   4.0651853e-01
   8.9218783e-01
   1.8855363e-01
   5.5924526e-01
   6.9146781e-01
   1.1792443e+00
   4.8464914e-01
   1.4211966e+00
   3.1772114e-02
  -3.8479658e-02
   1.7109793e+00
  -4.9978077e-01
   7.3966648e-03
   9.3047712e-01
   1.6081869e-01
   1.4163891e+00
   1.0460735e+00
   3.0407476e-01
  -7.6457923e-01
   5.8049974e-01
  -1.3680556e+00
   2.5988918e-01
   8.2479983e-01
   2.3045914e-01
   8.9827511e-01
   2.0587952e+00
   9.4533183e-01
   2.8997892e-01
   6.6659253e-01
   4.5252366e-01
  -1.2853046e+00
  -3.8429654e-01
   1.2598632e+00
  -4.9240644e-03
   6.2506264e-01
  -9.5930246e-01
   1.1695345e-01
   6.5877178e-01
  -1.2960382e+00
   4.2120327e-01
  -9.8736800e-02
  -8.4529267e-01
   6.9829928e-02
  -1.7734032e+00
  -1.9865769e+00
  -1.0133773e+00
  -8.0031735e-01
  -9.5050465e-01
  -1.4634984e+00
   5.9852047e-01
  -1.2241295e+00
   5.5461772e-01
   1.3245568e+00
   6.5253512e-01
   8.9636316e-01
   6.1379044e-01
  -2.5071078e-01
   1.4925572e+00
   2.8798978e+00
   4.1302029e+00
   2.5294205e+00
   1.9843306e+00
   4.4815329e+00
   5.3903447e+00
   5.4139367e+00
   4.9908385e+00
   8.5109930e+00
   4.3338684e+00
   6.2851632e+00
   5.5114482e+00
   6.2054372e+00
   7.1599077e+00
   6.9793279e+00
   6.1202743e+00
   7.5653847e+00
   7.3003761e+00
   7.1059160e+00
   5.6707603e+00
   6.6315768e+00
   5.6067505e+00
   6.7524161e+00
   4.6064984e+00
   4.0552665e+00
   2.3929431e+00
   5.8805785e-01
   1.1309198e+00
   4.4696890e-01
   4.0643149e-01
   1.3412950e+00
   8.4341919e-02
  -3.6859519e-01
   2.6158835e-02
   2.0184665e-01
   7.1353925e-01
  -6.9583490e-01
   5.3546605e-01
   2.6444324e-01
   1.4846019e+00
  -7.4735453e-02
  -1.4253766e-02
  -1.0664409e+00
  -1.2932882e+00
   3.9148976e-01
  -1.7789122e-01
   5.6729570e-01
  -8.3603889e-01
   1.9591434e+00
   1.6766124e-01
   1.0879333e+00
  -1.8998036e-01
  -1.2903505e-01
   7.2046394e-01
   5.8347409e-01
  -1.0949210e+00
  -1.5094722e+00
  -1.0765248e+00
  -1.3961025e+00
   7.7749535e-02
  -3.9440517e-01
  -3.5235809e-01
  -1.3463795e+00
   7.9319238e-01
   4.5217580e-01
  -7.7629933e-02
   1.0324797e+00
  -8.6330132e-01
   4.2482176e-01
   3.5806495e-01
   3.5843443e-01
  -7.2046135e-01
   3.3527802e-01
  -5.0674920e-01
  -8.8857891e-01
  -1.1956282e+00
   1.0452646e+00
  -8.3865141e-01
  -1.6574336e-01
  -1.2015706e+00
  -2.9010141e-01
  -3.2250353e+00
  -1.0799458e+00
  -1.4193772e+00
  -1.0073101e+00
  -2.0600677e-01
  -3.1792711e-01
   1.9520224e+00
  -5.6389719e-01
  -2.4185252e-01
  -1.5607739e+00
  -4.6841425e-01
  -1.3285077e+00
   4.0352441e-02
   8.6382133e-01
   4.1578132e-01
  -6.8816789e-01
  -1.6170113e+00
   1.4748082e+00
   2.0663223e+00
   1.3853266e-01
  -9.6978921e-01
   1.2203695e+00
  -5.6706586e-01
  -4.4058578e-01
   9.2005537e-01
  -1.3460205e+00
  -1.9106260e+00
   4.7562729e-01
   4.6707367e-01
   1.7645746e-01
   5.9808342e-01
   1.2111571e+00
   1.1379853e+00
  -3.4537488e-01
   1.1156887e+00
   6.0495764e-01
   1.2386404e-01
  -2.4780240e-01
   2.0959707e+00
   1.8553180e+00
   3.2453638e+00
   3.3791018e+00
   3.2534900e+00
   5.2243013e+00
   5.0554356e+00
   6.3553806e+00
   5.9698976e+00
   6.0488063e+00
   3.6999910e+00
   2.6559728e+00
   1.4957257e+00
   2.7161061e+00
   4.7795484e+00
   2.7635398e+00
   1.5433552e+00
   3.6543800e+00
   2.4057422e+00
   3.0136860e+00
   6.1671094e+00
   5.6507389e+00
   7.5392179e+00
   9.1547204e+00
   8.4210544e+00
   9.0503652e+00
   6.5341650e+00
   8.7993550e+00
   1.0271489e+01
   8.6422328e+00
   6.4360722e+00
   7.4655505e+00
   6.5977605e+00
   6.6405741e+00
   5.6544706e+00
   4.6088230e+00
   2.9046712e+00
   1.9013576e+00
   1.3162397e+00
   2.3142157e+00
  -7.1900960e-01
   6.9017111e-01
   9.9943231e-01
  -3.9592855e-02
   1.0172994e+00
   4.3388512e-01
  -4.2886775e-01
   7.2164212e-01
   4.0678495e-01
   4.7628686e-01
   5.3934584e-01
   1.9176188e+00
   9.5372925e-01
   3.6785113e+00
   4.8543007e+00
   5.3922482e+00
   7.3175072e+00
   5.9907676e+00
   7.2615696e+00
   7.6580980e+00
   6.2612263e+00
   5.9275067e+00
   5.0232103e+00
   2.9577773e+00
   2.5227474e+00
   1.3548403e-02
   1.9443637e+00
  -4.3000727e-01
  -1.4421682e+00
   1.6594789e+00
   1.3808814e-01
   5.9913686e-01
  -2.4844948e-01
  -9.3113271e-01
  -3.0020873e+00
   6.8334917e-01
  -2.4010795e-01
  -1.5885420e-01
   4.3777034e-01
  -1.3921930e+00
  -7.0630586e-01
   1.1672120e+00
   6.1508349e-01
  -1.2662650e+00
  -2.1900839e+00
  -5.5960839e-01
   2.2432893e-01
   9.5159690e-01
   1.0199138e-01
  -1.1148689e+00
   3.1288662e-01
  -1.1662287e+00
  -9.5540587e-01
  -6.4865448e-01
  -1.2247375e+00
  -2.6668568e-01
  -8.9600616e-01
  -2.8204219e-01
  -4.5904665e-01
  -4.0665242e-01
  -5.0062467e-01
   1.2360137e+00
   6.1284235e-01
   6.1446035e-02
  -1.4647217e+00
  -1.6237143e+00
  -1.9627881e+00
   2.6070456e+00
   9.7411941e-01
   2.5862858e-01
  -9.7268238e-01
  -1.1448891e+00
   5.4903809e-01
   1.5664114e+00
  -1.6920824e+00
  -4.4819757e-01
  -8.3149618e-02
  -1.9909082e+00
   8.4228465e-01
  -4.1366669e-01
   1.9131293e+00
  -3.8999136e-01
   4.1005090e-01
  -1.1415956e+00
  -6.2406526e-01
  -1.1679564e+00
   3.9331145e-01
   1.3025471e+00
  -5.9296110e-01
   4.3703058e-01
  -5.0373140e-01
   1.0271597e-01
   1.1968372e+00
   1.2084892e-01
  -1.0362968e+00
  -8.5657510e-01
  -1.6936374e-01
  -1.9117444e-01
  -8.6533729e-01
   1.8112689e-01
   1.2669768e+00
  -2.5073477e-01
  -2.0414869e-01
  -2.2011131e+00
  -7.7411632e-01
  -1.3928873e+00
  -3.8586033e-01
   5.2595016e-01
   1.5236230e+00
   1.7988385e+00
  -1.1654942e-01
  -3.1987022e-01
   8.1783374e-01
   4.9046846e-01
   7.6555258e-01
   7.7857291e-01
  -1.4800186e+00
   5.4064358e-01
  -9.1266131e-02
  -7.5998596e-01
  -6.9333527e-01
   1.2817119e+00
  -8.0948924e-01
  -1.2365756e+00
   2.1492383e-01
   2.0110039e+00
   2.5781574e-02
   3.0852172e-01
  -9.3802963e-01
   1.6744290e+00
   1.2519682e-01
   5.3030566e-01
  -9.5186793e-01
   8.5423912e-01
   3.8933818e-01
  -1.1558124e+00
   3.9925218e-02
  -4.5041702e-01
   1.0942612e-01
  -2.5037797e-01
  -1.8972999e-01
  -1.0327450e+00
  -3.2312639e-01
   7.6668945e-01
   1.7448329e+00
  -1.1603630e+00
   2.3775661e+00
   1.5262296e+00
   1.6865661e-01
  -3.0105990e-01
  -6.9851005e-01
   8.3291244e-01
  -6.9446567e-01
  -4.6174564e-01
   8.8375232e-01
   4.3607725e-01
   8.9687837e-01
   5.0486102e-01
  -4.0077010e-01
  -5.1372289e-01
   7.9649085e-01
  -6.7106873e-01
   1.1867787e+00
   7.9081990e-01
   2.8783772e-01
   3.3406902e-03
   3.6573015e-01
   3.5267892e+00
  -1.1232683e-01
  -1.5564856e+00
   1.9152091e+00
   6.0995146e-01
  -6.4780763e-01
   2.6174375e+00
   5.5105169e-01
   2.9430363e-01
  -7.7774515e-01
  -1.0648327e+00
  -1.7683179e+00
  -4.2282461e-01
  -1.0530087e+00
   6.4784781e-01
  -3.1753676e-01
   1.7690819e+00
   1.5106716e+00
   1.6409845e-01
  -2.8267664e-01
   1.1522518e+00
  -1.1464226e+00
   6.7378272e-01
  -6.6902995e-01
  -4.0024061e-01
  -6.7172128e-01
   5.7570924e-01
  -7.7801420e-01
  -1.0634828e+00
   5.5305585e-01
  -4.2335215e-01
   3.6166301e-01
  -3.5181422e-01
   2.6961491e-01
  -2.5643760e+00
   4.6593675e-01
   1.8536328e+00
   1.0393604e+00
   9.1096691e-01
  -2.3966169e-01
   1.8106696e-01
   2.4431771e-01
   9.6460351e-02
  -8.3040172e-01
  -3.5218608e-01
  -1.7470960e-01
