   5.1224976e+02
   5.1364828e+02
   5.1024331e+02
   5.0838610e+02
   5.0569306e+02
   5.0840874e+02
   5.0904768e+02
   5.1157543e+02
   5.1034960e+02
   5.0833501e+02
   5.0919318e+02
   5.1579008e+02
   5.1263608e+02
   5.1332342e+02
   5.0878453e+02
   5.1447361e+02
   5.1021771e+02
   5.0719404e+02
   5.0614600e+02
   5.0946977e+02
   5.0818701e+02
   5.0247648e+02
   5.0545146e+02
   5.1002303e+02
   5.1091648e+02
   5.1192495e+02
   5.0919542e+02
   5.0999727e+02
   5.0640143e+02
   5.0919822e+02
   5.1114796e+02
   5.1331596e+02
   5.1259191e+02
   5.1207457e+02
   5.1409549e+02
   5.1035077e+02
   5.1170260e+02
   5.1075014e+02
   5.1393837e+02
   5.1346811e+02
   5.1332434e+02
   5.1453533e+02
   5.1347543e+02
   5.1309263e+02
   5.1575481e+02
   5.1781222e+02
   5.1801968e+02
   5.1531798e+02
   5.1189722e+02
   5.1113053e+02
   5.1186004e+02
   5.1218261e+02
   5.1096172e+02
   5.1214060e+02
   5.1382479e+02
   5.1343918e+02
   5.1277943e+02
   5.1368675e+02
   5.1265609e+02
   5.1069031e+02
   5.1019611e+02
   5.0924564e+02
   5.1067964e+02
   5.1070087e+02
   5.1242610e+02
   5.1361492e+02
   5.1280628e+02
   5.1071918e+02
   5.1007807e+02
   5.0806232e+02
   5.1160699e+02
   5.1087989e+02
   5.0990594e+02
   5.0803033e+02
   5.0672256e+02
   5.0873257e+02
   5.1185531e+02
   5.1151063e+02
   5.1027417e+02
   5.1171941e+02
   5.1256327e+02
   5.0936947e+02
   5.0648450e+02
   5.0615413e+02
   5.0541415e+02
   5.0649238e+02
   5.0860903e+02
   5.1149475e+02
   5.0757546e+02
   5.0416228e+02
   5.0883997e+02
   5.0807151e+02
   5.0746186e+02
   5.0911145e+02
   5.0785754e+02
   5.0936476e+02
   5.1128739e+02
   5.0623115e+02
   5.1005514e+02
   5.0718795e+02
   5.0712535e+02
   5.0685885e+02
   5.0623267e+02
   5.0437213e+02
   5.0486283e+02
   5.0548490e+02
   5.0301897e+02
   5.0881740e+02
   5.0688879e+02
   5.0863774e+02
   5.0711306e+02
   5.0405264e+02
   5.0603181e+02
   5.0695531e+02
   5.0545661e+02
   5.0756442e+02
   5.0869837e+02
   5.1192217e+02
   5.0988346e+02
   5.0715221e+02
   5.1140356e+02
   5.1054262e+02
   5.1121639e+02
   5.1084818e+02
   5.1172134e+02
   5.1052522e+02
   5.1508500e+02
   5.1631040e+02
   5.1579627e+02
   5.1634681e+02
   5.1860192e+02
   5.1760261e+02
   5.1899219e+02
   5.1791868e+02
   5.1278767e+02
   5.1498206e+02
   5.1414277e+02
   5.1568590e+02
   5.1338454e+02
   5.1426297e+02
   5.1807638e+02
   5.1643426e+02
   5.1577242e+02
   5.1236871e+02
   5.1392016e+02
   5.1196949e+02
   5.1402310e+02
   5.1298007e+02
   5.1269696e+02
   5.1324521e+02
   5.1200212e+02
   5.1070191e+02
   5.1394011e+02
   5.1213460e+02
   5.1494433e+02
   5.1318544e+02
   5.0938863e+02
   5.0898635e+02
   5.0704860e+02
   5.0705483e+02
   5.0466045e+02
   5.0703773e+02
   4.9606444e+02
   4.9382232e+02
   4.9114814e+02
   4.9077870e+02
   4.9045380e+02
   4.8765571e+02
   4.8363003e+02
   4.8139421e+02
   4.8063840e+02
   4.8112361e+02
   4.7529181e+02
   4.7541923e+02
   4.7821047e+02
   4.7926078e+02
   4.8129735e+02
   4.7664046e+02
   4.7970575e+02
   4.7820122e+02
   4.7577834e+02
   4.7609688e+02
   4.7425208e+02
   4.7643852e+02
   4.7227945e+02
   4.7130109e+02
   4.7195461e+02
   4.6701991e+02
   4.6774411e+02
   4.6737088e+02
   4.6633145e+02
   4.6628807e+02
   4.6704949e+02
   4.6824766e+02
   4.7236390e+02
   4.8088890e+02
   4.8168531e+02
   4.8951107e+02
   4.9266462e+02
   4.8979386e+02
   4.9312495e+02
   4.9359583e+02
   4.8777530e+02
   4.8864055e+02
   4.9063011e+02
   4.8901767e+02
   4.8891529e+02
   4.8813397e+02
   4.8560687e+02
   4.8667271e+02
   4.8613477e+02
   4.8696523e+02
   4.8543770e+02
   4.8432527e+02
   4.8538707e+02
   4.8138781e+02
   4.8052306e+02
   4.7936977e+02
   4.7705644e+02
   4.7548498e+02
   4.7616507e+02
   4.7508720e+02
   4.7510216e+02
   4.8089211e+02
   4.8017804e+02
   4.8171553e+02
   4.8208566e+02
   4.8875565e+02
   4.8646549e+02
   4.8305933e+02
   4.8751465e+02
   4.8553968e+02
   4.8313929e+02
   4.8372045e+02
   4.8869205e+02
   4.8754924e+02
   4.8854255e+02
   4.8560705e+02
   4.8883950e+02
   4.8984543e+02
   4.8569198e+02
   4.8867147e+02
   4.8789342e+02
   4.8781302e+02
   4.8696295e+02
   4.8663311e+02
   4.8610171e+02
   4.8639601e+02
   4.8345778e+02
   4.8209000e+02
   4.8012295e+02
   4.8133289e+02
   4.7787461e+02
   4.7536324e+02
   4.7997405e+02
   4.7964615e+02
   4.8403396e+02
   4.8250594e+02
   4.8281446e+02
   4.8475005e+02
   4.8601987e+02
   4.8544102e+02
   4.8471473e+02
   4.8551735e+02
   4.8838779e+02
   4.8313552e+02
   4.8336542e+02
   4.8469194e+02
   4.8120396e+02
   4.8112310e+02
   4.8259373e+02
   4.8020473e+02
   4.8116193e+02
   4.7620592e+02
   4.7773020e+02
   4.7875689e+02
   4.8078572e+02
   4.7678161e+02
   4.7628919e+02
   4.7786215e+02
   4.7832716e+02
   4.7207886e+02
   4.7608143e+02
   4.7557346e+02
   4.7534602e+02
   4.7788133e+02
   4.7629308e+02
   4.7745077e+02
   4.7569926e+02
   4.7575726e+02
   4.7533982e+02
   4.7971288e+02
   4.7305513e+02
   4.7205775e+02
   4.7600411e+02
   4.7542725e+02
   4.7660363e+02
   4.7719439e+02
   4.7365547e+02
   4.7571388e+02
   4.7203691e+02
   4.7416051e+02
   4.7156924e+02
   4.7347065e+02
   4.7516956e+02
   4.7610414e+02
   4.7226264e+02
   4.6938289e+02
   4.7181643e+02
   4.7073347e+02
   4.7037044e+02
   4.6897599e+02
   4.6557253e+02
   4.6684139e+02
   4.6499765e+02
   4.6323367e+02
   4.6249429e+02
   4.6271637e+02
   4.6090289e+02
   4.6190271e+02
   4.5921508e+02
   4.5802405e+02
   4.5680399e+02
   4.5508927e+02
   4.5684968e+02
   4.5619187e+02
   4.5660684e+02
   4.5541758e+02
   4.5711030e+02
   4.5705956e+02
   4.5560551e+02
   4.5267926e+02
   4.5055265e+02
   4.4847484e+02
   4.5096546e+02
   4.5065160e+02
   4.5337316e+02
   4.4884479e+02
   4.4953657e+02
   4.4882986e+02
   4.4594610e+02
   4.4566279e+02
   4.4351576e+02
   4.4604045e+02
   4.4469517e+02
   4.4553778e+02
   4.4518370e+02
   4.4605661e+02
   4.3928223e+02
   4.3998191e+02
   4.4266649e+02
   4.4093392e+02
   4.4494524e+02
   4.4073184e+02
   4.3906303e+02
   4.4080933e+02
   4.3897264e+02
   4.3782392e+02
   4.3875681e+02
   4.3840050e+02
   4.3618026e+02
   4.3512722e+02
   4.3781471e+02
   4.3748274e+02
   4.3613667e+02
   4.3287757e+02
   4.3155015e+02
   4.3247176e+02
   4.3250242e+02
   4.3267175e+02
   4.3367828e+02
   4.3044106e+02
   4.2625040e+02
   4.2879296e+02
   4.3094019e+02
   4.2767244e+02
   4.2742653e+02
   4.3006124e+02
   4.2979627e+02
   4.2486050e+02
   4.2203094e+02
   4.2177888e+02
   4.2582291e+02
   4.2474309e+02
   4.2249283e+02
   4.2354461e+02
   4.2148855e+02
   4.2416171e+02
   4.2287065e+02
   4.2454672e+02
   4.2270638e+02
   4.2073775e+02
   4.2024088e+02
   4.1892780e+02
   4.1980234e+02
   4.2046691e+02
   4.1773812e+02
   4.1906503e+02
   4.1993456e+02
   4.1778111e+02
   4.1616276e+02
   4.1876817e+02
   4.1305767e+02
   4.1319239e+02
   4.0942979e+02
   4.0857165e+02
   4.0940344e+02
   4.0757582e+02
   4.0887076e+02
   4.0785233e+02
   4.0203629e+02
   4.0255810e+02
   4.0078217e+02
   3.9909994e+02
   4.0143745e+02
   3.9293719e+02
   3.8868037e+02
   4.0207620e+02
   4.0148140e+02
   4.0319965e+02
   3.9692360e+02
   3.9793185e+02
   3.8551521e+02
   3.8505532e+02
   4.0177965e+02
   3.9787019e+02
   3.9475188e+02
   3.9575750e+02
   3.9678324e+02
   4.0072611e+02
   3.9071604e+02
   3.8737855e+02
   3.9941808e+02
   3.9512460e+02
   3.9133984e+02
   3.8625652e+02
   3.8146893e+02
   3.9513221e+02
   3.9280242e+02
   3.9176992e+02
   3.8397931e+02
   3.9080193e+02
   3.9293263e+02
   3.9163972e+02
   3.8039969e+02
   3.7949163e+02
   3.8527187e+02
   3.8329206e+02
   3.8948369e+02
   3.8983566e+02
   3.8760850e+02
   3.8892670e+02
   3.8828818e+02
   3.8899322e+02
   3.9078891e+02
   3.8922144e+02
   3.8606010e+02
   3.5512083e+02
   3.7358968e+02
   3.7530535e+02
   3.8084211e+02
   3.8281927e+02
   3.7845195e+02
   3.7323059e+02
   3.7908272e+02
   3.5806105e+02
   3.6905617e+02
   3.7961257e+02
   3.7649777e+02
   3.7294715e+02
   3.6161674e+02
   3.7357563e+02
   3.6619881e+02
   3.7887705e+02
   3.7385141e+02
   3.7491492e+02
   3.7263089e+02
   3.7718675e+02
   3.5417303e+02
   3.6642911e+02
   3.7060616e+02
   3.7371290e+02
   3.8081769e+02
   3.7718767e+02
   3.7218487e+02
   3.7224046e+02
   3.6909565e+02
   3.7917960e+02
   3.7617560e+02
   3.7784946e+02
   3.7634655e+02
   3.7769338e+02
   3.6384882e+02
   3.5589145e+02
   3.7365344e+02
   3.7163711e+02
   3.7133723e+02
   3.7775323e+02
   3.7912253e+02
   3.7626642e+02
   3.7039860e+02
   3.6757728e+02
   3.6480517e+02
   3.7383923e+02
   3.6080565e+02
   3.6177625e+02
   3.6449191e+02
   3.6839418e+02
   3.7135388e+02
   3.5893095e+02
   3.6351592e+02
   3.6619994e+02
   3.5727693e+02
   3.5660075e+02
   3.5691600e+02
   3.6786269e+02
   3.6438723e+02
   3.5502285e+02
   3.7303043e+02
   3.6579412e+02
   3.7379004e+02
   3.7514612e+02
   3.6510688e+02
   3.6782753e+02
   3.6946655e+02
   3.7496258e+02
   3.6187959e+02
   3.6875871e+02
   3.6163550e+02
   3.6796978e+02
   3.6943274e+02
   3.7467954e+02
   3.6085172e+02
   3.6876693e+02
   3.5823601e+02
   3.6604261e+02
   3.6899814e+02
   3.6009381e+02
   3.6997373e+02
   3.6443932e+02
   3.5975146e+02
   3.7056771e+02
   3.6225028e+02
   3.7108941e+02
   3.7485981e+02
   3.6945779e+02
   3.7168088e+02
   3.7227559e+02
   3.5042038e+02
   3.6114432e+02
   3.6255538e+02
   3.6920970e+02
   3.6225849e+02
   3.7104742e+02
   3.7283029e+02
   3.5723133e+02
   3.6230231e+02
   3.6975966e+02
   3.6094962e+02
   3.7171666e+02
   3.6925663e+02
   3.7621169e+02
   3.5859821e+02
   3.7696961e+02
   3.7676980e+02
   3.7806823e+02
   3.6603516e+02
   3.7625695e+02
   3.6707427e+02
   3.6642591e+02
   3.7742075e+02
   3.7708921e+02
   3.7186804e+02
   3.7150562e+02
   3.7100034e+02
   3.7054243e+02
   3.6340665e+02
   3.6865956e+02
   3.7457122e+02
   3.6679931e+02
   3.8162586e+02
   3.7989635e+02
   3.8097406e+02
   3.7343329e+02
   3.6742315e+02
   3.7036580e+02
   3.6096935e+02
   3.8084507e+02
   3.7221697e+02
   3.7192217e+02
   3.6388831e+02
   3.6476075e+02
   3.7051423e+02
   3.6976275e+02
   3.7516177e+02
   3.6523421e+02
   3.6605370e+02
   3.7339194e+02
   3.6819455e+02
   3.5009187e+02
   3.6189436e+02
   3.4625085e+02
   3.6186221e+02
   3.6661070e+02
   3.5636431e+02
   3.6788020e+02
   3.5460264e+02
   3.6319875e+02
   3.7115121e+02
   3.6778789e+02
   3.6521979e+02
   3.5060238e+02
   3.6879141e+02
   3.5454496e+02
   3.5492356e+02
   3.6727878e+02
   3.6633272e+02
   3.6436963e+02
   3.5164770e+02
   3.6275503e+02
   3.5810308e+02
   3.6309489e+02
   3.3155432e+02
   3.5297960e+02
   3.3290669e+02
   3.3729412e+02
   3.3794763e+02
   3.4990918e+02
   3.4601919e+02
   3.3772655e+02
   3.4448833e+02
   3.3924106e+02
   3.4209838e+02
   3.3452080e+02
   3.3996775e+02
   3.3845069e+02
   3.4411320e+02
   3.4319852e+02
   3.3158348e+02
   3.3732236e+02
   3.3716251e+02
   3.4332809e+02
   3.4517112e+02
   3.3098346e+02
   3.3845129e+02
   3.3054483e+02
   3.2482219e+02
   3.3032905e+02
   3.3820339e+02
   3.3583389e+02
   3.4375283e+02
   3.3737706e+02
   3.3480028e+02
   3.3661275e+02
   3.3347803e+02
   3.3742718e+02
   3.3016622e+02
   3.3174647e+02
   3.3873313e+02
   3.3108949e+02
   3.1470524e+02
   3.2490115e+02
   3.2873281e+02
   3.3242200e+02
   3.3443323e+02
   3.2211557e+02
   3.3183869e+02
   3.1095345e+02
   3.3056104e+02
   3.2617785e+02
   3.2169670e+02
   3.2087442e+02
   3.2128200e+02
   3.1176458e+02
   3.1783599e+02
   3.2841415e+02
   3.2157207e+02
   3.0693616e+02
   3.1602131e+02
   3.1421925e+02
   3.1804958e+02
   3.2200357e+02
   3.2711949e+02
   3.1785848e+02
   3.0768633e+02
   2.9967092e+02
   3.2805808e+02
   3.1406104e+02
   3.1873508e+02
   3.1085343e+02
   3.0499160e+02
   3.2187637e+02
   3.1192869e+02
   2.9470755e+02
   3.0486532e+02
   2.9487226e+02
   2.9991946e+02
   3.1496580e+02
   3.1559177e+02
   3.0261765e+02
   3.0638567e+02
   2.9768458e+02
   3.0104192e+02
   2.9253516e+02
   3.0651826e+02
   2.9485428e+02
   3.1041435e+02
   3.0589837e+02
   3.0842344e+02
   3.1110848e+02
   3.1287537e+02
   3.0571586e+02
   3.0864770e+02
   2.9764831e+02
   3.0523811e+02
   2.9544799e+02
   2.8480369e+02
   2.9683496e+02
   3.1030590e+02
   3.0939797e+02
   3.1122638e+02
   2.9691176e+02
   2.9638089e+02
   3.0408238e+02
   3.0544468e+02
   3.0336765e+02
   3.1075574e+02
   3.0398225e+02
   2.9921185e+02
   3.0432780e+02
   2.9541160e+02
   3.0410663e+02
   3.0690625e+02
   3.1273996e+02
   2.9449337e+02
   3.0411212e+02
   2.9467788e+02
   2.9340105e+02
   3.1036596e+02
   3.1002600e+02
   3.0865533e+02
   3.0730698e+02
   3.0547762e+02
   3.0125999e+02
   3.0500171e+02
   2.9996760e+02
   3.0950884e+02
   3.0810458e+02
   3.0609993e+02
   3.0208075e+02
   3.0297454e+02
   3.1016889e+02
   3.1381502e+02
   3.0874051e+02
   3.1396011e+02
   3.1521441e+02
   3.0890276e+02
   2.8589565e+02
   3.0980058e+02
   3.0412712e+02
   2.9692130e+02
   3.1396239e+02
   3.0367805e+02
   3.0523941e+02
   2.9838057e+02
   3.0221199e+02
   3.0010476e+02
   3.2534785e+02
   3.2283829e+02
   3.2512616e+02
   3.1749074e+02
   3.0492280e+02
   3.0880728e+02
   3.0440408e+02
   3.1675092e+02
   3.1453364e+02
   3.0226290e+02
   3.2088029e+02
   3.1399686e+02
   3.1362283e+02
   3.1796000e+02
   2.9976800e+02
   3.0889534e+02
   3.1385313e+02
   3.0820886e+02
   3.1619232e+02
   3.1066158e+02
   3.0673996e+02
   3.1810763e+02
   3.2084753e+02
   3.3056107e+02
   3.2763074e+02
   3.1814671e+02
   3.3298929e+02
   3.4066222e+02
   3.5303904e+02
   3.6828194e+02
   3.6815393e+02
   3.6421170e+02
   3.7021560e+02
   3.7938888e+02
   3.8176754e+02
   3.9633603e+02
   3.7349712e+02
   3.8191921e+02
   3.8102189e+02
   3.9421275e+02
   3.9640446e+02
   3.9369540e+02
   3.9379905e+02
   3.9316144e+02
   3.8798997e+02
   3.7814437e+02
   3.8292075e+02
   3.9980927e+02
   3.7995786e+02
   3.8668954e+02
   3.8662954e+02
   3.8284333e+02
   3.8051109e+02
   3.7568154e+02
   3.7916203e+02
   3.8657123e+02
   3.8205841e+02
   4.0399632e+02
   3.8944044e+02
   3.9758619e+02
   4.1044014e+02
   4.1318006e+02
   4.0913079e+02
   3.9319259e+02
   4.1076636e+02
   4.0718221e+02
   4.1344965e+02
   4.1216202e+02
   4.0223823e+02
   4.1197568e+02
   4.0036737e+02
   4.0544382e+02
   3.9510178e+02
   3.8912961e+02
   4.1305978e+02
   4.0467574e+02
   4.0582571e+02
   4.0629939e+02
   3.9548962e+02
   3.9521223e+02
   3.8403031e+02
   3.9147607e+02
   3.8150914e+02
   3.9562577e+02
   4.0090119e+02
   3.8206915e+02
   3.8792253e+02
   4.0601436e+02
   4.2464011e+02
   4.3158856e+02
   4.3466572e+02
   4.3519733e+02
   4.3722970e+02
   4.1664417e+02
   4.0875528e+02
   4.1517447e+02
   4.2164843e+02
   4.1271208e+02
   3.9631833e+02
   3.8018985e+02
   3.6998446e+02
   3.6161948e+02
   3.6138151e+02
   3.6037803e+02
   3.6300780e+02
   3.6529780e+02
   3.7042333e+02
   3.7864317e+02
   3.8405532e+02
   3.9110539e+02
   3.9834425e+02
   4.0304697e+02
   4.0723584e+02
   4.0722503e+02
   4.0435251e+02
   4.0337820e+02
   4.1047420e+02
   3.9839666e+02
   4.1431434e+02
   4.0776850e+02
   4.0965380e+02
   3.9064402e+02
   3.9203505e+02
   4.1207460e+02
   4.1555561e+02
   4.1230348e+02
   4.0191917e+02
   4.0043962e+02
   4.0097690e+02
   4.0353877e+02
   3.9012951e+02
   3.9144841e+02
   3.9181975e+02
   4.0138374e+02
   3.8800533e+02
   3.8001098e+02
   3.7819489e+02
   3.6972949e+02
   3.7844073e+02
   3.8366220e+02
   3.7569914e+02
   3.7826979e+02
   3.7545435e+02
   3.6276599e+02
   3.7181496e+02
   3.6721686e+02
   3.7424444e+02
   3.5939762e+02
   3.5386459e+02
   3.6313366e+02
   3.4784857e+02
   3.5095199e+02
   3.5588091e+02
   3.4975449e+02
   3.4949267e+02
   3.4191075e+02
   3.4255248e+02
   3.3649403e+02
   3.3997754e+02
   3.3607950e+02
   3.2751199e+02
   3.2469651e+02
   3.3642126e+02
   3.3280903e+02
   3.3273753e+02
   3.2074609e+02
   3.2705257e+02
   3.0925134e+02
   3.1725871e+02
   3.0941853e+02
   3.1094561e+02
   3.1157108e+02
   3.1488153e+02
   3.1953889e+02
   3.2559084e+02
   3.0188671e+02
   3.0224910e+02
   2.9814721e+02
   3.0370176e+02
   3.2333733e+02
   3.1169215e+02
   3.1215548e+02
   3.0754309e+02
   3.1561577e+02
   3.0578012e+02
   3.1839645e+02
   3.0219907e+02
   3.2126325e+02
   2.9930138e+02
   3.0909569e+02
   3.0494476e+02
   3.2021615e+02
   3.1688710e+02
   3.1829521e+02
   3.1208706e+02
   3.0612180e+02
   3.1735773e+02
   2.9330438e+02
   2.9803307e+02
   2.9194551e+02
   2.8242332e+02
   2.9252503e+02
   2.9193528e+02
   2.7558192e+02
   2.8601360e+02
   2.8970757e+02
   2.9470086e+02
   2.9399111e+02
   2.9538501e+02
   3.0788410e+02
   2.9458609e+02
   2.9420359e+02
   2.9503394e+02
   3.0406729e+02
   3.1405128e+02
   3.1288529e+02
   3.1264751e+02
   3.0884969e+02
   3.0589602e+02
   3.0878100e+02
   2.9684891e+02
   3.1243468e+02
   3.0502193e+02
   3.0888389e+02
   2.9376747e+02
   2.9901750e+02
   3.0175156e+02
   2.7974346e+02
   2.8410170e+02
   2.9185553e+02
   2.8818562e+02
   2.8092729e+02
   2.8750595e+02
   2.6689507e+02
   2.7397248e+02
   2.5997958e+02
   2.7035118e+02
   2.8104388e+02
   2.7012727e+02
   2.7353160e+02
   2.7688763e+02
   2.6784049e+02
   2.6655300e+02
   2.8285967e+02
   2.8742010e+02
   2.8492862e+02
   2.8056083e+02
   2.8426925e+02
   2.7230090e+02
   2.6783544e+02
   2.6528878e+02
   2.6760870e+02
   2.5959437e+02
   2.4968557e+02
   2.5021852e+02
   2.4379741e+02
   2.4366316e+02
   2.4744595e+02
   2.3067498e+02
   2.2784130e+02
   2.4639600e+02
   2.5536197e+02
   2.5875526e+02
   2.4212360e+02
   2.4516251e+02
   2.3958207e+02
   2.3361247e+02
   2.2226075e+02
   2.3995780e+02
   2.3967412e+02
   2.3914524e+02
   2.4443443e+02
   2.2440015e+02
   2.3624042e+02
   2.3211368e+02
   2.1878343e+02
   2.1802842e+02
   2.1610826e+02
   2.3473815e+02
   2.3589546e+02
   2.3133444e+02
   2.3152141e+02
   2.2832663e+02
   2.2430250e+02
   2.2854753e+02
   2.2569082e+02
   2.2270818e+02
   2.2725192e+02
   2.2497434e+02
   2.0359534e+02
   2.0555637e+02
   2.1602511e+02
   2.0880019e+02
   2.1067577e+02
   2.0676440e+02
   2.1102603e+02
   2.0885708e+02
   2.0776525e+02
   2.0863884e+02
   1.9097492e+02
   1.9301311e+02
   2.0330408e+02
   1.9569941e+02
   1.9259452e+02
   1.8708003e+02
   1.9913361e+02
   1.8708319e+02
   1.8187731e+02
   1.8566719e+02
   1.8098925e+02
   1.8866116e+02
   1.7830056e+02
   1.8150792e+02
   1.9216267e+02
   1.7926114e+02
   1.8984521e+02
   1.7874100e+02
   1.9140642e+02
   1.7371240e+02
   1.8082645e+02
   1.8520428e+02
   1.7374907e+02
   1.7276798e+02
   1.6774385e+02
   1.8057828e+02
   1.7091322e+02
   1.7667028e+02
   1.7814092e+02
   1.6744572e+02
   1.7276562e+02
   1.7088347e+02
   1.6396939e+02
   1.6123960e+02
   1.5856353e+02
   1.5513231e+02
   1.6086533e+02
   1.7077803e+02
   1.5820400e+02
   1.6638404e+02
   1.6504876e+02
   1.5126201e+02
   1.6683594e+02
   1.5417406e+02
   1.6173915e+02
   1.4853151e+02
   1.6861564e+02
   1.5813020e+02
   1.6066238e+02
   1.5741150e+02
   1.6240390e+02
   1.5527086e+02
   1.6442438e+02
   1.6317419e+02
   1.7540392e+02
   1.6157069e+02
   1.4873001e+02
   1.5377955e+02
   1.5653889e+02
   1.5049152e+02
   1.5731292e+02
   1.5600014e+02
   1.5659061e+02
   1.4323559e+02
   1.4625760e+02
   1.4691372e+02
   1.4685614e+02
   1.5678061e+02
   1.4993406e+02
   1.5484044e+02
   1.5529222e+02
   1.5908258e+02
   1.4684118e+02
   1.5400471e+02
   1.5954666e+02
   1.4279250e+02
   1.4950354e+02
   1.5944425e+02
   1.4552239e+02
   1.5097826e+02
   1.5466451e+02
   1.4863980e+02
   1.6152847e+02
   1.5514956e+02
   1.4014030e+02
   1.4788527e+02
   1.5447306e+02
   1.4479836e+02
   1.6593653e+02
   1.4618416e+02
   1.4783249e+02
   1.5060184e+02
   1.3833865e+02
   1.3635348e+02
   1.3559287e+02
   1.5257243e+02
   1.3631894e+02
   1.3845381e+02
   1.4796980e+02
   1.4317173e+02
   1.4334039e+02
   1.4537434e+02
   1.3576411e+02
   1.3532711e+02
   1.3387086e+02
   1.2668326e+02
   1.4925648e+02
   1.3955388e+02
   1.4806308e+02
   1.4230989e+02
   1.2613442e+02
   1.3186961e+02
   1.4460570e+02
   1.2817418e+02
   1.3253483e+02
   1.3877643e+02
   1.4570045e+02
   1.2528010e+02
   1.4023467e+02
   1.2959983e+02
   1.3636726e+02
   1.4645325e+02
   1.4131649e+02
   1.4917964e+02
   1.4450951e+02
   1.4926731e+02
   1.3319203e+02
   1.3774017e+02
   1.3402369e+02
   1.3448282e+02
   1.5565919e+02
   1.4944799e+02
   1.3433450e+02
   1.4132828e+02
   1.4210102e+02
   1.4975285e+02
   1.4495217e+02
   1.4370633e+02
   1.3928997e+02
   1.3850245e+02
   1.4681529e+02
   1.3560709e+02
   1.5257566e+02
   1.3805215e+02
   1.4792239e+02
   1.3250443e+02
   1.4414557e+02
   1.3032515e+02
   1.5253930e+02
   1.3182833e+02
   1.4209642e+02
   1.5119607e+02
   1.3422546e+02
   1.4116508e+02
   1.2786266e+02
   1.3321444e+02
   1.2575301e+02
   1.3566778e+02
   1.3011850e+02
   1.4473142e+02
   1.3088604e+02
   1.4106476e+02
   1.4048568e+02
   1.2518196e+02
   1.2823352e+02
   1.3524696e+02
   1.3928451e+02
   1.2178623e+02
   1.3493374e+02
   1.2534126e+02
   1.3024074e+02
   1.4164328e+02
   1.3164677e+02
   1.3439961e+02
   1.3705485e+02
   1.2569553e+02
   1.2760654e+02
   1.3124258e+02
   1.3990725e+02
   1.4421064e+02
   1.3195587e+02
   1.2783962e+02
   1.3524265e+02
   1.2790759e+02
   1.4284069e+02
   1.3477997e+02
   1.4358325e+02
   1.2924863e+02
   1.2750116e+02
   1.2973182e+02
   1.3059700e+02
   1.3028487e+02
   1.3712554e+02
   1.4013620e+02
   1.3967955e+02
   1.3686994e+02
   1.3829196e+02
   1.4128692e+02
   1.3084647e+02
   1.4939883e+02
   1.4011338e+02
   1.3531271e+02
   1.3768293e+02
   1.3754212e+02
   1.4343617e+02
   1.4625978e+02
   1.5600071e+02
   1.4485392e+02
   1.4773943e+02
   1.4931529e+02
   1.3902014e+02
   1.6273225e+02
   1.5082832e+02
   1.5208570e+02
   1.5703301e+02
   1.5948519e+02
   1.4071361e+02
   1.5488456e+02
   1.4301877e+02
   1.5654040e+02
   1.6511104e+02
   1.4769503e+02
   1.5198184e+02
   1.5252599e+02
   1.5027827e+02
   1.5659201e+02
   1.6651204e+02
   1.6291290e+02
   1.7559510e+02
   1.5892193e+02
   1.6076769e+02
   1.6859891e+02
   1.5889716e+02
   1.6539081e+02
   1.7557079e+02
   1.6680195e+02
   1.6204028e+02
   1.7177118e+02
   1.6754614e+02
   1.6511686e+02
   1.8538103e+02
   1.7809072e+02
   1.7034579e+02
   1.6581368e+02
   1.7580899e+02
   1.7010828e+02
   1.7705635e+02
   1.8720047e+02
   1.9425418e+02
   1.8255698e+02
   1.8412439e+02
   1.9407210e+02
   1.8893143e+02
   1.7773491e+02
   1.8374212e+02
   2.0640976e+02
   1.8635245e+02
   1.9139847e+02
   1.8982740e+02
   1.9079575e+02
   2.0046430e+02
   1.8927960e+02
   2.0870122e+02
   2.0024729e+02
   2.0633276e+02
   1.9823695e+02
   2.1534650e+02
   2.1716605e+02
   1.9766304e+02
   1.8965558e+02
   1.9202329e+02
   1.8878294e+02
   1.9203520e+02
   1.9241089e+02
   2.0431576e+02
   2.0092779e+02
   2.1415849e+02
   1.9660361e+02
   1.9882916e+02
   1.9920470e+02
   2.0465023e+02
   2.0327419e+02
   2.1237282e+02
   2.1734902e+02
   2.0371664e+02
   2.1613855e+02
   2.1594686e+02
   2.0617442e+02
   2.1576986e+02
   2.1770734e+02
   2.3431674e+02
   2.3526995e+02
   2.2228738e+02
   2.3476569e+02
   2.2559002e+02
   2.3118027e+02
   2.4558039e+02
   2.3040546e+02
   2.2451108e+02
   2.2382642e+02
   2.2389240e+02
   2.3331841e+02
   2.3765299e+02
   2.2745745e+02
   2.3329300e+02
   2.2519288e+02
   2.2714154e+02
   2.2903041e+02
   2.3512312e+02
   2.3265067e+02
   2.4258580e+02
   2.4360852e+02
   2.3327509e+02
   2.5018925e+02
   2.3665032e+02
   2.4594069e+02
   2.3776419e+02
   2.5664726e+02
   2.4418391e+02
   2.4619007e+02
   2.4077671e+02
   2.4074329e+02
   2.4086253e+02
   2.4713224e+02
   2.6643621e+02
   2.6324156e+02
   2.4587708e+02
   2.4931670e+02
   2.5363908e+02
   2.4826359e+02
   2.5388573e+02
   2.6950928e+02
   2.6042830e+02
   2.5259634e+02
   2.7102271e+02
   2.5613945e+02
   2.5680035e+02
   2.7300562e+02
   2.8437073e+02
   2.7440648e+02
   2.6068357e+02
   2.7296029e+02
   2.6115543e+02
   2.6171398e+02
   2.7884002e+02
   2.7514685e+02
   2.7533828e+02
   2.6344158e+02
   2.6392255e+02
   2.6571801e+02
   2.7727230e+02
   2.7105785e+02
   2.7174081e+02
   2.7051457e+02
   2.7829792e+02
   2.6848180e+02
   2.7475834e+02
   2.7320921e+02
   2.8231635e+02
   3.0641037e+02
   2.6681359e+02
   2.4757819e+02
   2.8429414e+02
   3.1213307e+02
   3.2066865e+02
   3.1951800e+02
   3.2120300e+02
   3.2380970e+02
   3.2482335e+02
   3.2592907e+02
   3.1876903e+02
   3.1910596e+02
   3.1929270e+02
   3.1881094e+02
   3.1932386e+02
   3.1765586e+02
   3.2378742e+02
   3.2421774e+02
   3.1864303e+02
   3.1851773e+02
   3.2177037e+02
   3.2153231e+02
   3.2217539e+02
   3.2157932e+02
   3.2488761e+02
