-2.553194051746410492e-03
-3.156593850330819285e-03
4.110581753267518977e-03
9.642724702344545457e-03
2.901544104594617948e-03
1.005909300205407985e-03
-5.519209258965853716e-03
-5.436433607429034219e-03
-1.129174998490115826e-03
-1.062822837889714368e-03
1.459645167253853862e-03
-2.262753662588612609e-03
-6.170102355376114178e-03
2.691843756170901689e-03
-5.865186323813686466e-03
-4.394246734084027162e-03
6.032459340950187569e-04
4.197053163648581733e-03
6.098198090281516624e-03
-3.036152790008775706e-03
-8.895578891611320704e-03
2.828525106809332348e-03
-5.047342039458729487e-03
-1.232590973524659095e-03
2.687303594864657794e-03
2.821516139000199413e-03
-1.445596691151500562e-03
4.950801376189776712e-03
-2.082449958517784347e-03
-2.715802899181567111e-03
8.599008271447582076e-04
6.358491299027240438e-03
-2.619061353041394948e-03
1.080803587490036972e-02
4.223252364296627842e-03
5.904778980234420176e-04
-4.297862987972330849e-04
-7.523687086383547273e-03
-4.467144151410669742e-03
5.484519363707823824e-04
9.712164517803711494e-04
2.362541174705485387e-04
1.426782359722537485e-03
2.565362780676716699e-03
-4.549715158816781090e-03
3.166911783631091992e-03
8.090964040456003967e-03
4.994748935678450762e-03
-5.397046426129273973e-04
-3.218252657136885277e-03
1.850686483690260628e-03
-1.803106600568750396e-03
1.324951922465178022e-03
1.313609584681071441e-03
-1.456434330675627446e-03
1.257811238627850128e-04
-3.494971502183205538e-03
-5.030159302924217153e-03
-1.908620532032157457e-03
-2.491601058259611517e-03
-3.500456856467174622e-04
1.928902464101813321e-03
-4.276296553354814838e-03
-3.553040673720698085e-04
-4.151620311284718451e-03
7.861273012346279979e-05
3.854036021428310435e-03
-3.328611250552910867e-03
5.025876059866241606e-03
-6.059914274539202582e-03
1.392922045520291851e-04
-3.424038998577953741e-03
-4.389144350895201989e-03
1.487096407078736856e-03
-8.648213168185025015e-03
7.303989825184777594e-03
-7.097948634519493129e-03
3.283312228095216037e-04
8.200267601484081525e-04
9.347033185199748800e-04
-1.112766643770131663e-03
-3.430399809329659488e-03
9.915833430726970783e-04
-1.447531480217468603e-03
1.224651624988714856e-03
6.701543874711674530e-03
-1.260601899639475845e-03
-1.000748124248279115e-02
2.837298668347923696e-03
6.672778802966908111e-03
3.699058180594818907e-03
-4.332640524618257814e-04
2.503227277012922379e-03
2.141058643305162983e-03
2.537326291558861377e-04
-5.448830509780558905e-03
-1.146613491015659441e-03
9.107415951474152503e-04
4.949877915680327665e-03
-3.682576806327696357e-03
2.951978321564371118e-03
2.181949921732591596e-03
-8.983353421411249123e-03
-1.045384546853035191e-03
4.121140120070724763e-03
1.565680519301788920e-03
-5.506063824001379559e-03
5.829852969459292308e-03
5.147610107810640569e-04
-2.883957917337267706e-03
5.240855917129512952e-04
-2.760561342778934928e-03
5.553746777800246982e-03
-1.725961589855306991e-03
-6.515012619094436887e-03
-5.786758508043487841e-03
9.267119867934821981e-03
-2.582610035469415539e-03
-9.207365599887855009e-04
7.849026401107850326e-03
5.176478422603494715e-03
1.064346844609819018e-03
3.194283559520914428e-03
-3.640842123493807231e-03
6.662511162497386508e-03
5.883749476369664819e-03
6.564123206682551115e-03
-6.351690344022123402e-03
-2.579324757752218420e-04
-3.130602132275671877e-03
5.174747656864299222e-04
-3.340872028790006776e-03
7.112468282478814040e-03
-6.612706503701897345e-03
1.732648774175472471e-03
3.970853629505919496e-03
4.402572565803804412e-03
1.640097662386972395e-03
5.733545339706161903e-04
9.549712472377657954e-03
-5.031589498238877613e-03
6.720992045453579229e-05
7.359444262999743653e-04
-1.598936784342336543e-03
-1.124715636041955088e-03
-4.382517955830426797e-03
-1.402438761690452890e-03
-6.508758009366896052e-03
6.881919479929849998e-04
-4.054279885789470461e-03
3.954635847865260929e-05
6.180970912370307817e-03
1.621496866606093629e-04
-2.786447198159934264e-03
1.645414337051874900e-03
-3.743851910825525108e-03
-3.773815046292164355e-03
5.402825161951365501e-03
-4.727573082903493637e-03
2.663782938116855854e-03
-8.347191197347501521e-03
8.997593540057875067e-03
-3.065638350803045770e-03
6.012742116825332134e-03
7.698987620671817454e-05
1.281897698097762264e-03
-1.717846545172698304e-03
2.864077630897016082e-03
4.110352268564870272e-03
-9.329810363523842118e-03
-2.248797869813816321e-03
5.218345013007972405e-03
2.400993285240568716e-03
-1.294557925866209221e-03
5.830097400309331053e-03
-6.234876187060498474e-03
-1.084345867623280743e-03
2.262937784144606040e-03
2.911089802616219965e-03
4.764019576651156926e-03
-3.154475298629355086e-03
7.466503433708891052e-03
-8.022786193076180544e-03
2.581306787676158031e-03
2.663040050193362252e-03
-1.536941123275569875e-03
-4.012370798367951956e-03
-4.953085057956786372e-04
-1.763961225683929098e-03
8.712714065980644218e-04
7.883360185697278364e-04
-6.277069450189163430e-03
4.904948815945517652e-04
-2.180043349400853734e-04
-5.073692965570161676e-04
-4.091847230847355139e-03
3.771051833616517052e-03
1.344548983950715057e-03
-6.612349811569091448e-03
-2.426417834726078454e-04
2.745266170046548136e-03
5.415605707082358361e-03
4.663097869563001194e-03
-4.956429522538831909e-04
2.676918064990038335e-04
-2.221427540625327702e-03
2.149251708665532966e-03
4.338874426468071303e-03
1.705013191878502468e-03
-3.301326598295743504e-03
4.491544155183765452e-04
2.338171726523594377e-04
2.341800415029134542e-03
1.173612351468578292e-03
3.772587936936930373e-03
-8.641191918848424862e-05
-5.011907945455859777e-03
-1.391183418951567928e-03
1.005644625484977510e-02
-2.884537580282809169e-03
-1.244152048349971267e-03
3.628138678458106905e-03
-3.273365528602375715e-03
1.305940444445407786e-03
-1.937925121496523843e-03
-1.975127350601769104e-03
1.659337872535589882e-03
-5.854654381492218392e-04
-3.923679073222319062e-03
1.108079274623198409e-03
1.631435266431752618e-03
-1.204388908566497241e-03
1.874135456305585411e-03
2.596115502047958296e-03
3.164784717340565767e-03
2.441485954395681158e-03
-4.737569270004539194e-03
2.081452076379292342e-03
-6.566446907053759448e-03
1.645392097284138939e-03
2.420856628781195932e-04
2.171203638278838225e-03
1.526063633331098532e-03
-7.057793829545151026e-03
-1.990051334620301145e-03
2.430993535764961258e-03
4.274136601830196350e-03
3.481855402364508853e-04
-6.584363527475844448e-03
6.485570122334034793e-03
-6.021755202988799544e-03
2.292809016506486535e-03
-2.414694063660802106e-03
-1.328447152277071556e-03
3.118406527623760762e-04
1.207437314201653417e-03
-7.499297150667540331e-03
2.695313543308592089e-03
1.974738609969184724e-03
-3.389570378320723876e-03
-2.491304974654351325e-03
-1.654599323590119847e-03
2.082167819697045268e-03
-3.028147646110675075e-03
-8.317485641698816809e-03
3.127566038790027207e-03
1.689447146376376468e-03
-4.290934116976578318e-03
2.487953538438109416e-03
2.079144773592476320e-03
7.314545012735028731e-03
-3.442989516602306104e-03
5.511709093172976331e-03
3.606924491377605339e-03
-1.132508234014557033e-03
-6.484604040055551473e-03
-1.411518638189697330e-03
-3.703077734465613259e-03
3.101413047431999213e-03
-6.811390072016272786e-03
-2.442231130712960423e-04
-1.700171367189921802e-03
-1.962255698834038369e-03
4.331333166085475812e-04
8.281214490013896930e-04
-1.406099851941304893e-03
5.217162945344380482e-04
-2.218000565404943704e-03
-4.434598194393798466e-03
-2.951438702103896961e-03
-8.556364432487915169e-04
-9.473980126784630005e-04
3.025574058366785422e-03
-3.269166746767180210e-03
-7.219224667592158418e-03
-6.526673189370452675e-03
-1.174261162072413531e-02
-6.252494050576901108e-03
-6.557747336440720824e-03
-6.786576903320244887e-03
4.506195909332844432e-03
-1.058765220171587092e-02
-1.028820733098400990e-02
-9.345868473029182028e-03
-5.600630917463204038e-03
-1.042773958502379167e-02
-9.326487066204357593e-03
-1.870107286491556192e-02
-1.412182602455033797e-02
-1.582950961143407206e-02
-1.753430590474691630e-02
-2.417060083384522939e-02
-2.567395897865088969e-02
-3.724792172422747988e-02
-3.820733066171283498e-02
-4.131737202519845942e-02
-5.738160819922517170e-02
-6.637395496052389543e-02
-8.624165121666745037e-02
-1.030252571887289165e-01
-1.355033543471484414e-01
-1.598573064894759366e-01
-1.842550875305743463e-01
-2.090648698833258712e-01
-2.217037592625325515e-01
-2.000829203940728551e-01
-1.337727785722459539e-01
-4.114637092609949726e-02
6.898356167231899094e-02
1.622542958436803961e-01
2.103750348983755014e-01
2.129105111989819665e-01
2.047370707491663055e-01
1.875435126029749155e-01
1.461119709310029213e-01
1.234238791015392356e-01
1.057497371152962828e-01
8.968693407623531955e-02
6.965964303569502358e-02
5.845629768243459923e-02
5.076127426861643671e-02
3.813679675491934290e-02
3.669772754246037466e-02
2.817626601579340667e-02
1.831603328551161328e-02
2.168012750966994903e-02
2.221539610305242607e-02
8.841125399885064323e-03
9.959200917692197924e-03
1.129269772353383092e-02
-1.080412492993775356e-03
7.011477598452435511e-03
1.625889983013163037e-02
9.428511754200247924e-03
6.462621565346872606e-03
7.486139830895681413e-03
1.393724345542224699e-02
4.817424489712848236e-03
5.023531445245550849e-03
-1.305158045675167480e-03
-6.655618701782452760e-04
8.294317369716582705e-03
6.260182754874501869e-03
1.156619532976185111e-02
1.324295269777192845e-03
5.609665604067678481e-04
-1.026335597604623520e-03
4.289962348789840355e-03
-4.666398612171639322e-03
-4.344555047476180917e-04
6.652245057214303814e-03
2.285009453529913883e-03
-5.387178846274559389e-03
-2.716174489526474063e-03
-1.518339132194662829e-04
-1.181144540544509401e-03
-1.754331298866752126e-04
2.441381321115566275e-03
-2.053932672541653078e-03
6.028998979054223800e-03
2.597012771233550218e-03
-6.552692083296363448e-03
-1.384320846636064722e-03
4.848100794466465423e-04
1.424182442897706539e-03
-2.733460340694171715e-03
3.410328411020610573e-03
-1.390802047260819834e-03
9.754988145662417051e-03
5.413014037716266588e-03
-3.275621916791787713e-03
6.852208958111582733e-04
-2.646896960552258104e-03
5.800478410820529909e-03
-1.021483866792212555e-03
-4.721498753806088050e-03
1.121343121927880892e-03
8.028220578992506257e-04
4.917763929235118882e-03
3.101627053638764467e-03
-2.457673940684371172e-03
1.354404458739345526e-04
4.284666192057918523e-04
-2.829266009519365750e-03
1.450774197417895994e-03
4.884708294533698838e-04
-1.409188783173060712e-03
-1.630050678905135527e-03
8.634432154730187475e-04
1.125369356588320699e-03
6.613684628958829345e-04
4.400529650591831414e-04
1.043117570990772331e-03
-1.004923721397126078e-03
-5.261343565677900277e-03
2.706986440058209258e-03
5.347006965421390035e-04
5.123882108316823135e-03
1.714239307977624954e-03
-3.199324832814731592e-03
-2.859102690980049304e-03
3.086943069202328308e-03
2.358999738564562451e-03
3.250842792753602228e-03
1.358308280756647659e-03
-2.141424979455990116e-03
-6.206426153863378765e-03
3.976581429241148567e-03
8.714204026016977769e-04
3.252994666810852566e-03
1.673462001416478606e-03
-5.977942303424182459e-03
5.485645703683399675e-03
-4.601379635222732547e-04
3.222849711223887362e-03
-1.088314455572619291e-03
1.016032250680403185e-04
-8.186390032561476071e-03
5.415695869968687251e-03
-6.029858788525431501e-03
2.508156319320007602e-03
-4.495253394495285666e-03
-3.397732487395730642e-03
-5.779435827906186617e-03
7.839272006212061675e-03
1.553076593976688603e-03
9.371404224292436465e-04
-5.838269763632532305e-03
3.166903443613284554e-03
-7.184646960743662622e-04
1.235835132772925699e-03
-2.915028892139785287e-03
-5.999056598180454829e-03
2.964855206559040453e-03
-6.840763390937651747e-03
-4.876999188765167477e-03
1.511278969514400199e-03
-2.632414624417810014e-03
7.143634169248619077e-04
3.423614062652339217e-03
-2.235117636111568808e-03
-4.208134724703256266e-03
-8.198300726482624437e-03
-4.081632735689689692e-03
5.076839191958981354e-03
-1.872083888040115482e-03
-2.838342493984843257e-03
-5.323530465195527861e-03
-1.898089902239370611e-03
-3.592613559833215953e-03
-1.575079355170665293e-03
3.833742491085986772e-03
2.534783731321597119e-03
5.477646989405486437e-03
1.632967544371122758e-03
3.437485168142977079e-03
-5.401761763742211550e-03
-1.408731375677333081e-03
-8.079620086797675849e-03
-1.876987985712355806e-03
-4.890372700454294862e-03
9.924733105623351898e-04
-3.419631736913032564e-03
-1.261053894860388047e-02
-9.356214985989928443e-03
-6.673527198060608991e-03
-1.640303229301123301e-03
-1.096507864287386488e-02
-1.493218721120163212e-02
-1.315455150412459320e-02
-8.414198513304011612e-03
-1.302595676013290626e-02
-2.140462779475318239e-02
-2.038868793267234122e-02
-2.262759749989019104e-02
-2.305865187793702462e-02
-2.931712272693254642e-02
-2.784050821285628113e-02
-4.403892676048060117e-02
-4.450242512067852096e-02
-5.927231538395406202e-02
-7.223548369754617671e-02
-8.756559912197495188e-02
-1.023690161398745774e-01
-1.254203130210312933e-01
-1.532744079883057997e-01
-1.790243939241132620e-01
-2.024775066418738056e-01
-2.187107986106441582e-01
-2.028035738653284903e-01
-1.519250174748849325e-01
-5.676292193746424602e-02
5.466008240146773278e-02
1.472662638256713452e-01
2.055505647178406392e-01
2.203106716968814549e-01
2.131865787532837286e-01
1.784872098863470036e-01
1.541904023935382340e-01
1.205845095888695706e-01
9.684955168034416195e-02
7.770660579847109284e-02
7.229750623749468807e-02
5.340033786457731163e-02
4.511861999875767942e-02
4.088396348757178389e-02
3.663696747232705192e-02
3.078716659900107913e-02
2.762391087312273535e-02
1.923723781144285466e-02
2.057302693311625214e-02
1.354051405955554281e-02
1.130469136085020948e-02
1.207722507515622198e-02
9.758137699806773355e-03
6.553049159565548301e-03
1.294622978193825380e-02
1.095514302069331043e-03
6.409872983826610075e-03
4.945635635004896197e-03
-3.537087501472002335e-03
1.205274771582848063e-02
8.454426550039795957e-03
8.673734481947394104e-03
-4.355607612777814656e-03
4.376374036003591317e-03
-6.280475393764758420e-04
3.215568650221828449e-03
5.078048552819932129e-03
2.179603796988248843e-03
-1.852456616950237580e-03
-1.094778550274922227e-03
8.293710494517037707e-03
1.263090764334309085e-03
6.150665462741239028e-03
2.784122016756150272e-03
4.601127789504430576e-03
-5.825153201542440737e-04
1.106104784041397242e-03
3.634187137025488706e-03
4.922571170718741812e-03
5.061858475808745511e-03
-2.812537345576603294e-05
-6.259571833208664188e-04
2.884593256065554577e-03
1.008477849710855741e-03
-1.449887147078439235e-03
-1.835712875817791748e-03
-1.805825043208318052e-03
-3.153710406142386322e-03
-3.623614159214994749e-03
-3.387953890327805376e-03
8.628801478135692243e-05
4.971959930349164648e-03
4.569933761726579363e-03
-1.580168887942881833e-03
1.256698400122687473e-03
9.872656913307330858e-04
-8.147138011696142268e-03
1.648336280651360904e-03
1.652185582348441196e-03
5.795950887872039145e-03
4.404722661294235321e-03
1.641531837006711880e-03
1.245429443082324945e-04
-4.328608087018311242e-03
2.694613160556998468e-03
4.859496902756188855e-03
3.224769755893157471e-04
2.825136609000814848e-03
3.455848977586315797e-03
-2.039915344146736934e-03
-4.563985741722275183e-03
2.358014608412330355e-03
-4.003679305334456942e-03
-2.348355414608838902e-03
2.570949369118915011e-03
-2.130965284602070065e-03
-1.370765546637633513e-04
-1.514349182186008045e-05
-8.744897494354482654e-04
3.853230464203358935e-03
-1.406928343134393944e-03
2.102919314197623183e-03
-1.584261532572122256e-03
2.006691015533931463e-03
-2.788944656676711070e-03
2.508366894708641097e-03
-1.346111303561765881e-03
4.244243062344104679e-03
-1.286317978348702545e-03
-4.285960132504891724e-03
-5.469887831947586876e-03
-1.314654256737330567e-03
1.619213407546929570e-03
1.629092962256308876e-03
2.238930711710517864e-03
3.330291880790999144e-04
-7.588214945972072620e-03
2.952836209846702430e-03
1.629306104516809557e-03
1.201787702156266024e-03
2.276474429427445111e-03
-3.978473039530865292e-03
1.388913539477063582e-03
1.218839503187149273e-03
-1.660309733535617234e-03
-2.117070947429193668e-03
1.222535008394760652e-03
-2.025263835376141762e-03
-5.754749095486461595e-03
-1.082775205638008154e-03
3.070613760644555837e-03
3.426040457264479741e-03
-1.854028976908132049e-03
-9.810927495970699942e-04
-1.683130413402686995e-03
2.235341076942086447e-03
-7.507496174133446165e-03
3.127273197456193615e-03
-3.908884681022457667e-03
-9.210544717867403738e-03
-4.839636706239997498e-03
1.144963289073062289e-03
-3.155453069814691258e-03
2.087115147067973749e-03
-7.537977979787269939e-03
-2.043693245849274170e-03
-1.294157118090189526e-03
-6.793542797634916953e-03
-2.118575262193304540e-03
-5.338806850418137580e-03
-3.411558723364822333e-03
-7.382404925365186566e-04
9.221078650804440460e-04
-4.395069826807042682e-03
-1.069830133555663620e-03
-7.447669037137925191e-03
6.102106853854661825e-03
-5.790896452912541910e-03
-2.112764080501902068e-03
-4.528762245764288673e-03
-1.497406464692710697e-03
-6.351429647213306835e-03
-9.274112781210799329e-04
-8.010333211554161031e-04
-4.534435049002630801e-03
-9.050974173748010596e-03
-3.454510863511280755e-03
-2.476358491854523808e-03
-7.010811813404614970e-03
-8.887648455680697765e-03
-1.121165586815204424e-02
-1.376513253743275565e-02
-1.424831203065588837e-02
-1.734405474774691411e-02
-1.141983242391772166e-02
-1.474974065569222004e-02
-1.776585743981486110e-02
-2.021461459584878925e-02
-2.624900410231448267e-02
-2.954760628571885539e-02
-3.552838689736212419e-02
-4.451066468478123012e-02
-5.402132375714382984e-02
-6.656789903457879798e-02
-8.082848024892866357e-02
-9.686442645868156842e-02
-1.237055198931959060e-01
-1.445417037771323243e-01
-1.786448876746756509e-01
-1.982819980843913699e-01
-2.124844641769259024e-01
-2.104546284733924133e-01
-1.576393221656720023e-01
-6.809834851910889775e-02
4.237793405529583640e-02
1.386871429489421881e-01
1.974001549021022484e-01
2.220297750740729548e-01
2.028775022357659219e-01
1.882162231452703671e-01
1.540464993010839945e-01
1.276104491961334020e-01
1.064136064730184933e-01
8.603836269049922048e-02
6.022003632028799514e-02
5.710048977171234413e-02
4.681404630110212739e-02
3.919373004476860156e-02
3.695313194876884144e-02
2.777770443505486742e-02
1.882255615075867361e-02
2.081102598571925311e-02
2.299415704063369897e-02
1.542646816926647457e-02
1.280830751853919910e-02
1.346789290895004064e-02
8.475532846526391551e-03
4.270169359877477519e-03
7.876008395233115647e-03
1.595203995880407205e-02
1.384187210738617793e-03
1.805530790157833763e-03
2.878814988325223683e-03
-1.051983589750584563e-03
3.447207726080455184e-03
1.031692807920179047e-02
-2.324424890135159006e-03
-4.972944727039238684e-04
-1.547978997237509785e-03
4.944319454357141291e-03
1.025527169089168397e-02
2.161174831907790132e-03
6.697299939032019117e-04
2.644830980101377585e-03
2.838517578028312317e-03
-1.067375354870939022e-03
3.963998339143211605e-03
7.094107428015645599e-04
2.670782007110135414e-03
2.358262493825839887e-03
1.044526437473195131e-02
5.939960150429619487e-04
2.921713237851330906e-03
8.200951747230917493e-04
2.576225022882777833e-03
4.164622324985052526e-03
4.883553448547378606e-03
9.336113458863806161e-04
4.495113846488935062e-04
6.655266431054895730e-03
-4.576461285765357325e-04
1.299405750434883076e-03
-9.849697005440581285e-04
-6.009234579327290150e-04
-2.367432669415028661e-03
-2.604300329492470131e-03
-1.939211051830603974e-04
1.939617153189144780e-03
2.441782137525114974e-03
6.429496554650925705e-03
-9.325438056458246194e-03
1.431328317955912408e-03
1.198610260423617043e-03
-1.324463465046503158e-03
-7.152743646179736273e-04
1.248631128178908506e-03
-4.218575036271303251e-03
2.733739555772721035e-03
2.131371278176181702e-03
5.826706725975998140e-03
2.404464805100926285e-03
-6.520245179828442102e-03
7.089887816643040963e-03
-6.458624220963287864e-05
-4.227128559130963886e-03
9.655799116827712067e-04
-1.869174242871493889e-03
4.257468148979889552e-03
4.144211587407145569e-03
4.388998269294642216e-04
-2.596092653647877942e-03
-4.335508552760852785e-03
-1.402524316414873514e-03
7.512381617473543917e-03
3.503677356922647434e-03
-1.053625682688119885e-03
-1.590533235012109260e-03
2.298222182942100643e-03
-2.968768279234651995e-03
1.599551392514767054e-03
5.144854698526633158e-03
-3.487933830869978206e-03
2.269653446612085804e-03
-3.200645567504877519e-03
-1.095196610334233343e-03
-3.861893594577493500e-03
8.196343655953892146e-04
8.550822308249012710e-03
-5.483304762835604189e-03
-7.289716961394706804e-03
-1.922309770971459067e-03
2.467626865272307905e-03
6.654725261487519361e-03
6.420455356344465479e-03
-8.686129042285562320e-04
1.324335838833412722e-03
-7.439108725921757433e-03
-1.956805696266858668e-03
-4.005589173857924956e-03
-4.371104481184747760e-04
2.837244861432626237e-03
-4.681006563366831193e-03
-2.972682573361359892e-05
1.008851764235984758e-02
-8.399620386736705163e-03
9.414419434778752540e-04
-1.909468746893277797e-03
4.680056373473991029e-04
4.365477580699231308e-03
-3.793960672771411798e-03
1.129368728583751008e-03
-1.670764614855901583e-03
6.811667623861936485e-04
-3.125209327963650481e-03
-5.618764613444687025e-04
1.819712014575159461e-03
-5.246044771631559918e-03
4.499337451569567284e-03
3.168078949683467670e-03
3.111767752275144424e-05
4.604649888456051506e-03
-7.178406659853146972e-03
-1.988453442192445256e-03
-2.683010442481064371e-03
-2.801965501835156774e-03
5.069687929257890493e-04
-4.828646103529512894e-04
2.786023297261300529e-03
3.037889051364852690e-03
2.205331652988873142e-04
3.317246801160122875e-03
-1.622305114131661037e-03
5.355796985837472761e-03
-8.865187779166031892e-04
1.389835393311431022e-03
1.799360861812479085e-03
1.301279970270217924e-03
8.813371929205237893e-04
2.625939907935607651e-03
-1.774204364596492574e-04
2.615775352989412311e-03
-4.109484805901675525e-04
6.586649561835182520e-03
-5.401462559768376286e-04
-2.886832858702788329e-03
1.058988550294841929e-02
2.613391622535341918e-03
-4.937852453650181175e-03
-5.798287095520838694e-03
-1.767155327475393011e-03
1.067301251771469311e-02
5.133560944511589286e-03
4.239456061185893979e-03
1.174014473786795867e-02
1.521124418593753627e-03
-4.336055907726039417e-03
-2.218377662846927195e-03
7.349434264024741481e-04
2.204912414743767819e-03
-2.271532981117149047e-03
-4.249330689025262141e-03
5.679471163131021016e-03
-1.773596048225394278e-03
-3.695609584315162101e-03
5.874641120936664219e-03
-3.233870702633115553e-03
4.581834072307896990e-05
3.189694137172129421e-03
-6.242523862432793405e-03
2.216719058931324472e-03
9.983446666920877885e-04
7.832971897667960134e-03
-3.192141498198816088e-04
-7.705590683651797508e-03
-2.254880202977890477e-03
-3.934217836794990340e-03
2.564072774869827730e-03
5.579179984942965811e-03
5.441051459210624087e-03
-3.999730846167934718e-04
3.160525545556052557e-03
-2.370954592455945184e-03
3.829694218730165297e-03
-1.998248056988735123e-03
9.532922848646293960e-04
1.402515585171008449e-03
-1.918330403934394930e-04
2.538614180282797173e-03
1.453110154057725152e-04
-6.261768988523526945e-03
-1.623174786563314712e-03
4.226230579136367425e-03
5.583573645007463768e-03
-4.749560666972804136e-03
-3.982615086673503557e-03
-1.326692805158628981e-03
2.837665246302325823e-03
1.540256874903561538e-03
-4.638242460817453526e-03
-3.059304769551632157e-03
5.856078616768664591e-03
2.904010183405480311e-03
-7.146934256562092504e-03
1.884509925027696292e-03
1.660824733869284333e-03
1.981484056802783767e-03
4.930591215778358516e-03
-8.562565837766189600e-04
3.241291159454570085e-03
5.709309375501228070e-04
5.423284209565772292e-03
1.108859455802215215e-03
-5.830032921195135547e-03
4.987321317488658916e-03
1.813463359127173930e-03
-3.089609464463994280e-03
-8.297352580800630272e-04
-5.846495997606277915e-04
9.247146274494608825e-03
5.083910395654103742e-03
3.955102078074359748e-03
1.798281346124689446e-04
1.183990778584176297e-03
1.394133878067574470e-03
-4.910297249078971957e-03
6.643471857989435327e-04
-7.033539020688601333e-04
-4.399103860745471987e-03
5.134219621772728769e-04
1.405172465677216945e-03
-3.914858311990511777e-03
5.438893312003806671e-03
1.106608772575877269e-04
-1.428707691907769558e-03
-1.595458549057804983e-03
-5.503794534805607139e-03
-5.500787638164147432e-03
-4.100295070408587275e-03
7.696753673918881175e-04
-3.295049752759066325e-04
2.608205866181551990e-03
7.910325966417377499e-04
-4.286546773876898780e-03
-4.334414472166748383e-03
-1.593226001564223030e-03
-3.706226448483962606e-03
2.002627852961296525e-03
-5.310414040769248500e-03
4.492114582108874300e-03
3.452812750680264459e-03
3.559347718947511582e-04
-4.015647703959689487e-04
-6.201859557929323939e-03
-5.984835888955364162e-05
-1.567375878559662170e-04
3.536950239528703806e-03
-9.586728528468642417e-04
4.346913589950579700e-03
-4.055393814054922448e-03
-1.513658899465951347e-03
2.096532481450132709e-03
6.199585180700963385e-03
-1.390147783865205435e-04
3.653179803235361792e-03
-1.204609006006214338e-03
2.465231766306084579e-03
-1.934153371384986653e-03
9.879430235580535357e-05
-9.848301119390347712e-04
4.967420239000108068e-03
1.157109375053368919e-03
1.359525577259788681e-03
-2.000373934046406794e-03
2.082985720577310799e-03
-2.329284722082940792e-03
-3.998966461301846831e-04
-5.681045363953819358e-04
2.333668488929538029e-03
4.491728209924566832e-03
-7.441127762626510191e-03
4.803949274385117124e-03
2.495459884773977392e-03
-2.135591264415803107e-03
6.501245245627512801e-04
6.567232850898604285e-03
-4.732333785542465303e-03
3.230084582427020928e-03
7.379334183796558682e-04
4.887777182503759768e-03
-5.959858636046158620e-03
7.519689215060214402e-04
5.763400567540532052e-03
-7.766546721034981761e-04
2.669265811683013429e-03
-1.833944482666537059e-03
-6.649930716807942940e-03
-2.346824571831204742e-03
-4.228598870847852242e-03
-8.112017646949989252e-03
2.538497426370098752e-03
-4.001108399129452327e-03
6.787038919371193336e-03
6.105476901885391328e-03
-1.608340893867602752e-03
2.624573143155421381e-03
-3.460168788228605227e-03
2.017901071542780710e-03
7.579534543546289109e-04
-3.430065730732859142e-03
4.488879951816884296e-03
-6.571760088058447094e-04
3.541151958039285685e-03
