1.481436227672754645e-02
-5.859685629612291884e-03
-6.392523439630153244e-03
3.889303095283860000e-03
-2.420370274147951115e-03
3.475120624340243079e-03
-4.507476878232073714e-03
-1.341202733971813728e-02
2.744461820389902836e-03
2.483189934948136827e-04
-2.570378915347215892e-03
1.208121876206208868e-03
-5.809066297042131009e-04
-7.535110565804640365e-03
-1.756714437373714435e-03
9.003660130387908939e-03
3.880806995910768015e-03
3.774448209237260890e-03
3.474037375970712160e-03
1.896638894165979727e-03
3.866529848619667219e-03
6.944960555269787637e-03
8.957215399589246382e-03
4.113463489064551480e-04
1.230424075574598937e-02
-6.190686291544419614e-03
-9.250743479193138802e-03
-4.443421116879137794e-03
6.936832360355442081e-03
1.073002972886842252e-02
6.428774414431741475e-03
5.253145872830309628e-03
-2.460354231914770907e-03
-5.722265520089180740e-03
-8.923337936196691286e-03
-1.472994285654329440e-03
4.731738341786989425e-03
1.369458160398751359e-02
6.410419536376152361e-03
-4.078633466344404844e-03
-3.755039865386053128e-03
3.650496594467134842e-03
5.217961224596135220e-03
-8.446333120875552936e-03
1.334411169384664732e-02
1.386945621536921948e-02
-2.466554862922579888e-03
-3.593455257735099495e-03
-6.882108209028969543e-04
-8.387021501980215787e-03
-2.398694377305589376e-03
-4.974731814766332992e-03
5.358967564834909818e-03
3.227982849254266203e-03
8.768409961656641050e-03
-7.850463680739802217e-04
2.845636727236556043e-03
-2.897428197295262662e-03
2.032468866333674452e-04
1.969742692901443274e-03
2.407534550171393922e-03
-1.222992099878855883e-02
9.315384717396905240e-03
-7.237861929569305158e-03
-8.393785983515041071e-03
-5.212420607927539633e-03
-3.725443875713786799e-03
-2.335374181171038111e-03
2.335418494850263760e-03
-2.168389489312294409e-03
6.117532763967020899e-03
-8.038903757133742875e-03
-5.182442920581969807e-03
-4.059777563885681728e-03
-1.188295922646154072e-02
7.996038767836759903e-03
3.890964285285115204e-03
-8.795769291318360217e-03
-6.808107817725204264e-03
-5.389393400173290690e-04
2.713230340862781646e-03
5.160288576961033491e-03
-4.991956843031399547e-03
4.939676731086616208e-03
-1.573830970402910132e-02
-8.893395076957395437e-03
-2.296136393471650931e-03
1.101250231718990495e-02
1.845517334246016359e-03
-6.129345170061521741e-03
-6.494794187120621863e-03
5.347874429465618307e-03
1.226380250484497038e-02
-1.831358638306668750e-03
1.925853230964321176e-03
4.042391874495516796e-04
2.385577594920692407e-03
5.734976950689375449e-03
-6.238154208103574398e-03
-1.654561805263335753e-02
-3.642313582421954736e-03
-1.639240498089272876e-03
-9.660568627146396900e-03
-4.092342815376478690e-03
-4.873664085083908443e-03
-1.545658778442454044e-03
-1.393498220638213561e-02
4.357581411201052503e-03
9.429035018686079267e-03
-7.352801361937332490e-03
-1.585685318330408086e-02
-1.104730511225393910e-02
3.430976265303504937e-04
4.706514969276654782e-03
-4.114406470665190989e-03
4.936053267867181703e-03
9.607678530915381241e-05
1.404440227248015182e-03
7.095435551237337657e-03
1.342347567465586918e-03
6.436379055331530041e-03
5.699772170197956291e-04
-1.464162799061959801e-03
3.598159678474668454e-03
-2.949361092779869895e-03
5.401212208098231209e-03
-3.319173510579192122e-03
-7.893804636133323893e-03
-2.760572844510954423e-03
4.248434980280851869e-03
-4.152800923872735153e-03
-8.674940885921867892e-03
4.471857929176716560e-03
-1.388983486033882079e-03
-4.090915246062482545e-03
2.033056265146329037e-03
-2.036948082483590067e-03
7.845043775452711921e-04
1.461914600199359579e-02
8.025802547815685459e-03
-1.539182843249102539e-02
-6.361278909806142962e-05
-1.206992351860183658e-02
-5.456982280115874918e-03
-2.452939670337907913e-03
-4.065914392933726688e-03
-3.090485818507396430e-03
-1.001457922472657591e-03
-4.995459260956892217e-03
-1.509786753613125403e-03
6.158609466907993824e-03
-7.166978720303227718e-03
-2.553075080953477998e-03
2.116717297463586046e-03
-5.678936944843432540e-03
3.696301598383231347e-03
1.022868591534792414e-03
-5.960661355752012829e-03
-3.358807695684621134e-03
-5.589600460389143599e-03
-4.222160077136610443e-03
-2.140828388142365906e-03
-1.558628979576121660e-03
6.374998443730753306e-03
5.839860270523749772e-03
5.421147657285491084e-03
-3.154549619671005462e-03
4.011554993356387239e-03
2.239404635246179540e-05
3.678474650489212128e-03
9.144648204716154848e-04
-2.492606243546258973e-04
3.587280114807146411e-03
-8.463018521949649403e-03
1.406759897565163083e-03
-1.559070695726374155e-02
-5.466643945770650360e-03
-1.593279203111387654e-02
-1.493111298039253090e-03
-1.553047361363066043e-04
1.240670907055185269e-02
2.126292452457977013e-03
-1.476371127638127691e-03
3.642888161443953200e-03
-3.987462859667681436e-03
5.441037564141595548e-03
5.957115059487665468e-03
-4.235913513510873585e-03
9.626546183722538633e-03
-2.244191809736997920e-03
2.047317282372462105e-03
-1.517008354362279999e-03
3.683305666987657812e-03
2.363690911659041441e-05
-1.586293449218293327e-03
8.337427471679637742e-03
3.342496306929246697e-03
-8.657550103707474867e-03
-5.049566100048708157e-03
-6.012710476358595901e-03
-5.688804040635078198e-03
-1.522801702311046184e-03
-9.631043138918219532e-03
-2.832096170219481398e-03
-5.299800898569233254e-03
1.585826173568552575e-03
3.154282870476044550e-03
-8.063626279875663831e-05
6.118122899935492590e-03
-1.054457969994881776e-02
-2.546608883398785664e-03
4.208641940218946047e-03
3.907556784641395657e-03
8.527830027244932137e-03
3.823560767731923327e-03
-1.150711234036134881e-03
-7.342380564023946385e-03
-5.410260631052071778e-03
-5.115384811798889125e-03
9.637167613347525849e-03
-1.710961057089393014e-02
6.491737059384638403e-06
8.591208893660982372e-04
2.952128431573752473e-03
-1.018673546120407551e-02
7.270408975175994982e-04
5.483699059804367053e-03
-6.277950432070956294e-03
3.690450984252212786e-03
-3.012023129397287981e-03
9.260669423016039750e-03
1.017549322059031975e-03
3.451596674975125623e-03
1.494552319245805909e-03
5.606425707302510782e-03
9.398271781879481007e-03
5.117414697222113194e-03
-1.039266167604826346e-03
-3.272432977170134337e-03
-8.228725348460794176e-04
-1.977092180596616566e-02
3.591636961751426809e-03
-1.298637067162781685e-03
2.550474421360831700e-04
6.318122827451122178e-03
-1.458163527106066254e-02
-5.797077185367016314e-03
-6.636282599368594111e-03
1.406507907611353678e-02
6.531346025605141645e-03
-3.594979357750362637e-03
-1.134310601410817160e-02
1.543714522448114568e-03
-7.475477507729083506e-04
-9.736859120669363876e-03
4.065988916680834953e-03
-2.964624002947627724e-04
-5.170666245656497942e-04
2.269168572290734993e-03
5.730259776486149384e-03
-8.087810121105369621e-03
4.600044797611671770e-04
4.233171212468830706e-03
-4.881842053378984345e-03
-2.079465338706649059e-03
8.363771057912670198e-03
-9.146484155420350065e-03
-1.263532001915712230e-02
-5.653555104114151540e-03
8.118340003172491715e-03
-3.510794930505942938e-03
-3.826418732653645918e-03
6.715793973248254840e-03
1.950000774407068113e-04
-1.911417042956154149e-03
7.304725412140062289e-03
1.411430655029676092e-03
-5.767757656388443907e-04
-8.859624111035758684e-03
6.361866720330233704e-04
2.945825660803024718e-04
-9.785801746332941850e-03
-1.784375272121316996e-02
6.553444703520558065e-03
-5.929769848614941871e-03
-7.579821103603079716e-03
2.498131395596120755e-03
-4.570368765560649596e-03
2.988481711204880875e-03
-2.134805313572063316e-04
-6.302589046740626061e-03
4.180717335209530733e-03
-4.064275391589965321e-03
-9.256045687491224611e-03
-5.436325461550721785e-04
-2.294834756604652130e-03
-4.432734066268545145e-03
-6.338433766929543398e-03
-1.076579750415904840e-02
-1.687095076352203987e-02
-5.980237220604500172e-03
-7.634163279586539917e-03
9.468720679626134798e-04
-6.227823697449008655e-03
-1.554769521738733062e-02
-1.095424823998316852e-02
-1.366786718110614765e-02
-2.637824303049018243e-02
-9.589303330514317714e-03
-3.071673014275256436e-02
-2.633009252370719158e-02
-1.966922758054405820e-02
-3.022297786444666165e-02
-3.695999201741033413e-02
-4.206354614972342837e-02
-3.632823033934805268e-02
-5.680473296655902393e-02
-6.742613007787039148e-02
-7.487650395957304306e-02
-1.113293137565926488e-01
-1.336374719608718342e-01
-1.493938231406310990e-01
-1.904387627358017643e-01
-2.148800382593102076e-01
-2.188418920389326727e-01
-2.089929198345031325e-01
-1.460320190204023316e-01
-3.483768227290919006e-02
7.069360111828343340e-02
1.554131599265156927e-01
2.239360368774249987e-01
2.104076764844111935e-01
1.971590119177196176e-01
1.755353447053233651e-01
1.452823597426341207e-01
1.154612192257001568e-01
1.082248206275083918e-01
8.164773840171735131e-02
5.903336473023897135e-02
5.204453177717473233e-02
4.005116642408542565e-02
3.107665643433981870e-02
3.229377776266121464e-02
4.292896648459697956e-02
3.799458378189053687e-02
2.536302241318639378e-02
1.657715777577411717e-02
8.612248708861715285e-03
1.581038202678848592e-02
5.639377913882563480e-03
-1.542063168032778431e-03
1.824413053245442506e-02
9.182779814645922190e-03
7.875456212878972559e-03
2.096596561525396196e-02
8.208298537943073056e-04
-8.026297169012586857e-03
7.196896491972764112e-03
2.829918094637548509e-03
-6.258072853858945295e-04
1.287789532410559337e-03
5.036483220230056866e-04
-5.125972228111578578e-03
8.054558780789516231e-03
-1.264055748239616573e-03
1.074860567509642803e-02
-4.460788553959677862e-03
-4.867667702885378374e-04
-5.422543363664565630e-03
1.232204365305076058e-02
1.804170390691814743e-03
-3.105256669573491085e-03
1.762525558821287450e-03
-5.597825953958922990e-03
-6.100825712807160343e-03
-1.228348278724218645e-02
1.862220642838572846e-02
1.973036282784745767e-03
-1.124883797760660442e-02
5.668423659894332445e-03
6.302581678735301278e-03
6.971418954463023433e-03
5.617565822829889005e-03
5.131348093095570301e-03
-1.931911708313450342e-03
-6.378063761848700233e-03
9.342413692608898118e-03
-7.380735476348334288e-03
7.687619459329239277e-03
-4.479892432289541912e-03
-1.022949527818432965e-02
-3.216238872583707174e-04
-6.213416975304933421e-03
-4.315244163986461760e-03
-4.451485685130867655e-03
2.221165181738760097e-03
-2.472320158493033441e-03
3.270989614215420900e-03
1.694816576655624432e-04
-3.498439080760504510e-03
1.304860533199555736e-02
-8.534600664870039492e-04
1.270063355636972657e-03
-2.527883226226116265e-03
-1.860649967077827351e-03
-9.596984459595376757e-03
-8.713488494683035990e-03
-4.796195999216582365e-03
-1.014941253365712719e-02
-2.395421666615027510e-03
5.019799354927438270e-03
1.205328653285907270e-02
6.743183432785071051e-04
-4.888295066841907843e-04
3.518398800972865562e-03
8.429093500931777311e-03
-4.952570772030234769e-03
-2.813617467028497500e-03
1.025166032982709544e-02
1.290750812168808782e-03
-2.115256729936338623e-03
-4.325577252204005664e-03
5.156200886735949097e-03
-9.373908880667139931e-04
-6.447241092708905913e-03
1.028463123328051190e-02
-1.030017519260176262e-02
-5.071933318842509510e-03
-1.873818744365780787e-03
3.104544335554650786e-03
-3.066580968686132783e-03
3.266346195629787810e-03
-8.563313929791326745e-03
7.380155170789533779e-03
9.559479416955715680e-03
1.091385101991467800e-02
-3.264284478272263482e-03
7.809308204319598615e-03
-6.224808109216104120e-03
-1.312537887615180393e-02
-4.904364190683092178e-03
9.604181068438692043e-03
4.522612168882601444e-04
-5.468105504745465924e-03
-3.511451602798444042e-03
8.391702957196964935e-03
-1.173072675625518729e-02
-4.186858252380118439e-04
2.483242621555288229e-03
-5.250281397514031112e-03
1.455530007308689089e-02
-9.714671586758700031e-03
-3.216762595636356824e-03
-6.709220771933754011e-06
2.417212829893631426e-04
1.810840788683102526e-03
-5.845547271180604430e-03
-8.968653914513556938e-03
-5.819346161066506033e-06
2.583674078083314334e-03
-1.301615673254494926e-02
-8.437661002587230072e-04
1.001449258700668962e-02
-5.337437237446761469e-03
-1.265132460606133678e-02
7.380079186691265204e-03
-2.426121645102675972e-03
-4.062489984823463955e-03
-1.243630846949649212e-02
-6.793209156936517307e-03
-1.018434481557616705e-02
2.378301885725419857e-03
5.956458906516393613e-04
-1.774594699581277888e-03
2.222556604962656890e-03
-6.773267435256111885e-03
5.374624162946187514e-03
1.578261416153545291e-03
-1.536482966515093258e-03
-1.919443422862345330e-02
-8.205107402634321395e-04
-1.109461064152417534e-02
1.125832960599756211e-02
-8.555502518359327235e-03
2.959323523279428284e-03
-4.480057726870461353e-03
-1.901059212307327356e-02
-7.212061044777580594e-03
-2.211482339511716688e-02
-1.061407542810854227e-02
-1.187340637552173998e-02
-9.002648237992644936e-03
-2.175458456401276747e-02
-2.211498981422593477e-02
-2.288842613352639471e-02
-3.173141628899350808e-02
-2.639454475237261802e-02
-4.649211743466404034e-02
-3.912741127847053912e-02
-3.765620740046492221e-02
-5.964551899686859615e-02
-6.999986057723106558e-02
-9.018462122006191961e-02
-9.888263605289235314e-02
-1.242218275013945022e-01
-1.495152454874541792e-01
-1.789713146762360041e-01
-2.019411220516638128e-01
-2.202430812657887316e-01
-2.082034799274854464e-01
-1.500088521723995094e-01
-5.361046574844545443e-02
6.176216441687601422e-02
1.441607424360490664e-01
2.130381098842495935e-01
2.139939086783876621e-01
2.015970479386841596e-01
1.860003812566823067e-01
1.300848580469797233e-01
1.235827455615324671e-01
1.120952550920254337e-01
8.979995845254422349e-02
6.745162419066245973e-02
5.696006172053150879e-02
4.663698549608064070e-02
4.396822422950633774e-02
2.976113715939127102e-02
2.505772202349876993e-02
1.813799452313163280e-02
1.346922414729938983e-02
1.608686017865705933e-02
1.501328540763664267e-02
2.268012384197271025e-04
1.382805204093887595e-02
-1.467253684895881288e-03
1.105287801928966050e-02
6.749733392026805064e-03
1.077666453602496577e-02
-6.315737079284442813e-03
1.207142309612291992e-03
7.360010089401815975e-03
1.295531704752151715e-02
1.335364408128285850e-02
9.057306247220935774e-03
5.751654316222014861e-03
8.297040230191787824e-03
4.481779451633888245e-03
2.674205425115009412e-03
1.216727259118139184e-02
5.886165886638181338e-04
4.222432493803301122e-03
9.521617344095217178e-03
3.606790193817301093e-03
-8.917089626636601121e-04
9.614081499469002414e-04
5.240652133639295968e-03
-2.622426573630641002e-03
5.714700886363120562e-03
-5.701547763435171369e-03
3.995682475738107295e-03
-3.611460840456335968e-03
-1.574550727020897992e-03
1.309925706893082242e-03
-2.415108393157119719e-03
-1.074744168508862769e-03
-2.486320010244043224e-03
-4.759090915224729011e-03
-7.074967920543370412e-03
2.605446750540832152e-03
1.782099122024943198e-03
-2.242144504760418093e-03
7.837272714867301801e-03
-7.128868840473952598e-03
1.262018760189495027e-02
2.571744203297442622e-03
-6.185785647256492395e-03
-5.206416597770699428e-03
-2.263349040248824242e-03
-3.700616867925509996e-03
-4.088452646625629142e-03
-8.283284365896941351e-03
-3.913534476537233048e-03
-1.319241589375909698e-02
2.529012231849035383e-03
6.407876842630261423e-03
1.368697806634554173e-03
-1.060950458405833519e-02
-1.284981439072123768e-02
1.742782691919675430e-03
-1.639353387588024860e-02
1.638765303498839268e-03
-2.083813358170699486e-04
-1.803241014985524238e-03
7.033581453776140916e-04
6.412727366340240272e-03
8.969932405038669176e-03
4.405404273285737707e-03
-7.767271368981957039e-03
-2.113919050206350923e-03
1.020068005553001131e-02
3.873748014854261693e-03
7.579049844955653217e-03
-1.437238037189838852e-03
1.375784795895562337e-02
-2.613838187654980152e-04
-2.878223044091904673e-03
-1.255544266963570972e-03
-1.113404818189446446e-03
4.365772450054978063e-03
-6.167428307717281967e-04
7.421914772333869544e-03
2.083263222169676882e-03
-2.746082641231950192e-04
-3.184296234883950485e-03
2.292658933348169087e-04
3.488099873174953930e-03
8.528372216750594245e-03
1.173430240148875875e-03
7.699104286202674858e-04
1.758989944157173316e-03
-6.431816381320473383e-03
6.063143808657445698e-03
-7.378374827457082931e-03
-1.390649059682172277e-03
-5.158992407405209660e-03
3.609621195861016998e-03
9.355724816845567907e-03
-6.729473563072695813e-03
1.838559570013337339e-03
-5.038332519296236621e-03
3.246629107476376765e-03
4.230206637503835555e-03
-8.203541984908881840e-03
7.130622972020217660e-04
-4.299854401672475318e-03
2.899205870069621570e-03
1.845797480997285337e-03
1.464784713481719070e-02
3.546354948329322014e-03
6.116546634719687882e-03
-4.034251749750585384e-04
2.377315279171469866e-03
1.225792533502675051e-02
1.883653914788277787e-03
8.069177723039942449e-03
1.494615618875771729e-03
-4.070471232192103203e-03
-9.613606996655994080e-04
-4.806228619354916375e-03
-2.477776342236456299e-04
-8.384575065825893361e-03
-4.777245873041294916e-03
-4.980285441706469238e-03
-9.337969761033454788e-03
1.131520689810585137e-02
-2.458239823287352004e-03
-7.516912390233748686e-03
-3.228403930041236214e-03
7.018967424252732859e-03
-6.289057234678591471e-03
-1.206030515951294312e-02
-1.270049301985475996e-03
-2.032790673857517993e-03
-6.081607173798409850e-03
-1.031330552222704117e-02
4.321810521047672604e-03
-4.560001248162934805e-03
-8.597841154799994168e-03
-9.895360831105537436e-03
1.886095165392424541e-03
-1.067860326416513600e-02
-6.932634668968812655e-03
-9.918935978122569302e-03
-3.522082443273008741e-03
-7.457719516039198158e-03
-1.750015600900733936e-02
-1.856296190408905991e-02
-8.434778073854494115e-03
-2.867980366739247833e-02
-2.862131757183822983e-02
-1.729490255566379017e-02
-2.985373002689963029e-02
-3.778391035977939072e-02
-4.070950968268310238e-02
-5.252950944914679815e-02
-6.033605094973493871e-02
-7.409916426120305433e-02
-1.051295556080799470e-01
-1.252345724732164545e-01
-1.487063730829382702e-01
-1.671809153984727403e-01
-2.081268547069374253e-01
-2.165468307160240136e-01
-2.052437516814678842e-01
-1.627558864169111608e-01
-7.212678236458990033e-02
3.982784358865864432e-02
1.392137081414864253e-01
1.931100753287016969e-01
2.280311980431902197e-01
2.109410765568607848e-01
1.824472931783914509e-01
1.578706204428200199e-01
1.287663953670966366e-01
9.652668813168102657e-02
8.109732121403703808e-02
7.480032278589419936e-02
6.643818938055885692e-02
4.215296648713367372e-02
4.346769555101971660e-02
4.103845742591287482e-02
2.445851602091689975e-02
1.806032471238600001e-02
2.858153845057717982e-02
2.302978919879527381e-02
1.405437966400667309e-02
1.678557929672841800e-02
2.310268004447165249e-02
7.010232844038007810e-03
1.637406059891365409e-02
5.118654073565931384e-03
8.369176286802185172e-04
1.274712209837016580e-02
1.260804205761651212e-02
1.507258786750611743e-03
5.109568890224840988e-03
6.808524648544277136e-03
1.209003648976639256e-02
7.224387135424031013e-03
1.007857242256592067e-02
6.386744307988281334e-03
5.256904283985269072e-03
2.803252513179387874e-03
3.295356648082422950e-03
2.702152110909407292e-03
-6.604830093367410060e-03
6.460526706749646075e-03
-3.067485371633647470e-03
5.727208984570594883e-04
1.185517572817997977e-03
7.635822705719066961e-03
4.362072148363847074e-03
-2.333349250273322219e-03
7.729973776429129549e-03
7.091447265863094415e-04
3.778677179558534091e-03
1.505817498032903552e-03
-2.439114068301922317e-03
5.471317107783757461e-03
8.407679243713488560e-05
2.541254014967893847e-04
-5.872158195046477819e-03
3.000563851770372045e-03
-4.368237729596179987e-05
8.013821571654807657e-03
1.955891882480895183e-03
-7.813687453969736518e-03
1.251203155408651436e-03
1.822587898513591299e-03
-8.470875042099166056e-04
5.578490876660968829e-03
3.285745297338326775e-03
-6.083485541676363073e-03
1.100876927628278643e-03
5.016625346945005094e-03
3.222725413775597188e-03
-5.169626512076571333e-03
-2.001624438003962985e-03
5.989779383185032079e-03
8.866122876551546343e-04
-1.015464531288663990e-04
-1.129103767336929638e-02
7.085821847448057435e-04
3.947869328470866510e-03
5.450413581227582429e-04
6.583270991426944455e-03
-1.241470357230568637e-02
-1.373851993989125752e-03
-8.018762874242968408e-03
-1.133106494408718003e-02
2.086725481830799863e-03
-3.265111063393927055e-03
4.372265501697937713e-03
5.231804627393176095e-03
-1.255855277083118247e-02
-1.063369698660689838e-02
1.436903994967878538e-02
7.531715872341036670e-03
8.326272167974557020e-04
-8.923231621310871893e-04
-4.828630619410427885e-03
8.581556325268085636e-03
-9.294913940359689555e-03
-6.717647420290811903e-03
-6.480192809919748526e-03
4.634226206812226819e-04
-2.239207214291571036e-03
1.387594296882786390e-02
1.948964041866218730e-02
-5.723904635931002446e-03
-1.019728963540725460e-02
-1.456240898710142902e-02
5.673808239622172601e-03
9.818484785826784873e-04
-5.334192578839800497e-03
6.669755188291178090e-03
3.586025875878612323e-03
4.242720576849694919e-03
-7.425889065141059835e-03
4.344345219089344214e-03
2.593662293864405083e-03
5.053642199388839323e-03
-4.330643107776263080e-03
1.929008543500327928e-03
2.620521337628095625e-06
9.020540114660103095e-03
-4.815122978863084144e-03
-7.042251333331472907e-03
-8.198116921083813471e-03
-3.142252753382869003e-04
6.873201915584570623e-03
3.129607690777298171e-03
-6.794779823238726243e-03
1.275621181369851649e-02
-7.676127308571476134e-03
-4.244840772079747082e-03
5.621146727690506419e-03
3.008849137999077949e-03
-1.362642517335799566e-02
-8.496730632775057260e-03
-1.105319862673795686e-03
-2.774987963614220562e-04
3.778988204854726116e-03
4.237624817138157217e-03
-5.000571827057285167e-03
-5.361371835578577008e-03
-1.354458537856502833e-03
-4.869343035417139642e-03
6.919307701226710787e-03
1.422522792764273000e-02
7.225495232082439385e-04
-1.222755045881608084e-02
5.215240182679676401e-03
1.520349673636903253e-03
-6.013179806819896056e-03
-1.113889834160463471e-02
-8.651166176428789828e-04
6.720583141819020528e-03
-1.397982885642078468e-02
-4.214754950976221624e-03
4.550299699871457500e-03
1.262844078354303894e-03
-5.066532511211635850e-03
-7.900645582612502923e-03
2.579666758939312427e-03
-4.524900682224327481e-03
-2.461467367634487258e-03
3.965392783246516131e-03
2.827281525900959130e-03
9.642756311460137786e-03
4.901587680944390069e-03
-2.546457756814108579e-03
1.640845183859645107e-03
-3.355112713340524608e-03
1.647883610478375043e-03
-5.255346373922777656e-04
-2.505543756302999660e-03
3.454661672976760186e-03
-8.089299778507995364e-03
1.042415133421482377e-02
-5.017491595160520484e-03
3.829876734911538162e-03
1.580967711328212441e-03
5.224380958221591306e-03
6.797404490135262184e-03
4.627839979094984686e-03
1.400763372023442963e-02
-3.361604759778581003e-03
1.507528550814886056e-02
6.985273061459946684e-03
-8.595082183702883183e-03
-8.949880831030396309e-04
6.134483395183538273e-03
5.195954307529780745e-04
-3.735134631459876339e-03
-1.029127998839012709e-02
-1.364716001806660223e-02
-2.259760922859043071e-03
3.269100704455793276e-05
-4.099049076876769282e-03
4.816363161971919105e-03
-5.784692999687832647e-03
-2.181752167542866643e-03
9.966455890609607696e-03
1.063045471564330428e-02
-1.539538685292062481e-03
3.472899581730930999e-03
-1.033148197264805357e-04
-7.839221001854759785e-03
-3.152720854171450066e-03
-1.248111130605444874e-02
-1.623656276964132589e-02
-5.836047192704341656e-03
3.329801463127017493e-03
-1.743189315600750635e-03
-8.019346712937329077e-03
2.047878430252095174e-03
-7.925182810350310525e-04
1.197616668678624713e-03
-2.806587994937920823e-03
4.886016954760819854e-03
5.443097567197746736e-05
-3.243482669593138537e-03
-5.039386877532340062e-03
1.632745481938485330e-03
-6.000556646752682431e-03
-6.495935888798762443e-03
-1.372141693139133055e-02
-3.296792573296289993e-03
-3.056870419036481455e-03
-3.788078336394214846e-03
2.446343403977882958e-03
1.309300131978643859e-02
-7.538188226210173343e-03
-1.320163401876269654e-02
5.817288661527437316e-03
9.286697223541470064e-03
8.139528669962642696e-03
-4.771213301711807291e-03
-1.031099612732038796e-02
2.491887301051494853e-03
7.286745723319820560e-03
1.055750632593248015e-02
-7.689908793691635274e-04
-1.246383840182939493e-03
1.036211247206106530e-02
6.883000552698425017e-04
4.371023994923986869e-03
7.183486549709513364e-03
1.023525302338113528e-02
8.516333913812493620e-03
5.107986867095572550e-03
-8.031394601998305231e-04
7.806640724928051722e-03
9.156941440407899478e-05
3.277879752291329527e-03
1.584524423443006268e-03
-1.011414990616273666e-03
8.581942328320116276e-03
-7.495661524031660763e-03
2.911050880097402170e-03
-6.022548519176413630e-03
6.143349397634611207e-03
-3.062303073396311758e-03
4.417562191544328019e-03
5.501397074767370998e-03
1.641880666607744123e-03
2.619127318037670158e-03
-2.416299444253269812e-03
4.643876676747483480e-03
-7.677399770495047003e-04
1.263225251570570910e-02
1.889079211734403770e-03
5.102001201594175486e-03
-8.882451778677954990e-03
8.010512101626919568e-03
-7.858883918392126772e-03
-3.749152196382109312e-03
-8.409679069508901872e-03
6.723717619219027331e-03
9.178878464095742429e-03
-1.888433508014007072e-03
4.332445219012510040e-04
-4.974233322678690838e-03
-1.971250708535955080e-03
9.023611710013671947e-03
7.484390607463928605e-03
-5.833714667600415965e-04
-6.019032109646650815e-03
-5.606273205396898433e-03
-2.164674200452358383e-03
-5.951860591454500617e-03
-9.355482240087798634e-03
-1.126704661711110632e-02
-1.327262332065969573e-02
4.185684511452814408e-03
-2.997346222647805265e-03
-2.564094708082275049e-04
5.776449161381739042e-03
-6.285997637218192907e-03
2.538447634156711617e-03
-2.156032674092114593e-03
1.095784664754394407e-02
7.608246912907591468e-03
1.106865033747458883e-03
-5.441773924023468427e-03
1.154154082887975420e-02
9.689081866080813399e-03
-8.089460112951587026e-03
2.929880723045561516e-03
-1.110082760368692571e-03
9.594812872291870118e-03
6.336509661712535178e-03
5.045411531718117966e-03
6.229199772982130061e-03
-8.357870021589532128e-03
-4.577508356341829406e-03
-5.288538037837280797e-04
-1.167339927953352273e-03
-4.699253100343206424e-04
-2.313325853539625453e-03
4.343853847799183997e-04
1.854999989764037193e-03
-1.795614067783393112e-03
1.853342899236205907e-03
-6.727105077542799155e-03
4.276947593899732905e-03
6.614290160662052338e-03
5.166293127412613199e-03
4.610684556087824536e-03
7.486738095075696174e-03
-1.348517893170685621e-02
-3.258257261882392154e-03
9.710951635466903709e-03
