-0.05265437469915925
0.0010957525654755695
-0.006313413690761027
0.002304933498343051
0.017073500187368782
0.036158265642809266
0.05110400427316168
0.019586478538683255
-0.008229672236693407
-0.03342273328290786
-0.001818546144934526
0.004848234647298271
-0.03876177400156461
-0.013600200530699194
0.007523984696311804
0.022010433836147373
-0.014550336176007204
-0.02171872631367655
0.010779978929141839
-0.00927681653265209
0.01811360141352573
-0.02782417947111168
0.013098917611484613
0.0005976862225295152
-0.014064117977854394
0.015382799733637287
-0.03710268280641882
-0.004940052193477809
-0.02725561726597649
0.004460823798280723
0.003688506656604156
-0.028833725237892054
0.005687974075229254
-0.024873043730017252
-0.03874311313504643
-0.007774954293593298
-0.032079952214256226
-0.016370095608020385
0.018082381822999514
0.019067427163298165
0.025174463342619247
0.02090032295798933
0.006826796043328491
-0.01078089020164775
0.008103858888340363
0.0028005332332073285
-0.007239560445127979
-0.033244176315829974
-0.013279297247589516
-0.0014310762281129316
-0.0029508962454941876
-0.020342953004990644
0.03266352338270587
-0.02714473958245068
-0.021048345925046164
-0.020161363871746055
-0.0015961726829872944
-0.01669964986377663
-0.022983308463379263
-0.01662269107487886
0.0253300951638959
0.008377289015998724
-0.010361372806631443
0.025771805417119247
0.008359011832259948
0.01606774175118442
-0.002537963659524243
-0.00020587082477694567
-0.03361418506647742
-0.005646364809123853
-0.0036696044940136415
0.013730317395939485
0.0043973016790707035
-0.02391022455892273
-0.0016708570644289507
-0.013233490142200781
-0.000675583104161344
0.007624373526627054
-0.0066986959846458026
0.018720882269248257
-0.026140583509543628
0.01583843138286928
0.020969268007719727
0.020202290242679537
0.004940996588631512
-0.03434431377378062
-0.02018378184581071
-0.02079447731720395
0.02246533250711166
0.013221545365575767
-0.02509446778349063
0.03558677632667215
0.0030522764151259965
-0.034881216754384006
0.003428062304069488
0.013748129405737552
0.012259811215150353
-0.037656426976976146
0.04240645356431685
0.0010957924047219276
0.009418039621685565
-0.01152371641824856
-0.0031365011450432373
0.005847984562777004
-0.016980515279124406
0.015478899697632059
0.021031204241919545
0.010742143795877745
-0.02062161550394256
0.018365509753347865
0.023424976479704745
-0.0073607397665130395
-0.003067333284638257
-0.011049857376355514
0.008528368904540564
-0.03479387314724931
0.023906535187688094
0.04274233154877853
0.02397082129784135
-0.03165307443672867
0.037114544460763614
-0.04889007226967983
0.00860564495793821
0.011103799766329265
-0.022048706607953085
0.03354080388607775
-0.015213246991901352
0.032276316073153594
6.868604168572329e-05
-0.003807346518733202
-0.00137880226126706
-0.007553851405813182
4.6425203770622395e-05
-0.03597603458317458
0.02465839907115436
-0.052084860367048964
-0.004609277333737674
0.011398481638071544
-0.00010862279041910794
-0.010827898052310376
-0.0027947885023764884
-0.04853677600906023
0.004713935736956032
-0.006294599057261958
0.032969193014404284
-0.03438445321582917
-0.0026776408490740036
-0.03868124911924188
-0.0009783901446066845
-0.00703285185691233
0.01233167027889345
0.00651577831513119
0.015429075886194072
0.014097859461007521
-0.006734842114406123
0.0015257180609410243
0.004487779291024576
0.010013454211830385
-0.023910268037670067
-0.010395453291964497
-0.017920134849230128
0.04931903674667545
0.007155927711616611
0.010892517921616237
0.007136030332796146
0.03382784583859164
-0.01026395609287981
-0.02283380634212781
-0.005678980172372085
0.008882798094836783
0.0005559026974874612
0.013300120660792303
0.019616126138900774
-0.0007660412525416762
-0.009536773626412535
-0.007817532672598602
0.015907601476883804
-0.008923305719219203
-0.005330804147243587
0.021895826153466406
0.013158796880707625
0.0023773191045852724
0.008544637634675842
0.0018890848457880827
-0.0033251751834294596
0.00585535092572171
-0.02754533623490591
0.0037539438035188786
-0.022372273076048433
0.016741764614750486
-0.0002711056273378415
0.03417196264744538
-0.0003945651294466258
-0.013490631273160372
-0.014750630813125639
0.014023971967103192
0.021065609874715653
-0.03735399328371424
0.025685940058299234
-0.006948904409030413
0.022131380895428515
0.033592403490738054
-0.04024262526110187
-0.0019402364433382488
-0.028885856907003363
-0.01041581222954617
-0.0070074017732641505
0.001693902448423279
-0.030006572327007628
0.010231867401529
0.017380927946842598
-0.006075309376978578
-0.0016494277881354247
-0.008440624045115348
-0.01591323025632981
0.012954137617877554
-0.003875359025706963
-0.0069591606522046365
-0.0026452929726059784
-0.02162186101300925
0.017417838900759094
-0.005403923433807886
0.010632098546748235
-0.018349238930915338
0.026993459094040318
-0.011422912572523198
0.012153407386457678
0.013410681905401916
0.015317895816198097
0.006034968881306702
0.007082800602129697
0.03575483134049165
-0.010992891402362828
0.03216553621480008
0.012028041622557438
-0.04068590570196216
0.011481431777261299
-0.014568851987171106
-0.014599886119492466
-0.008024282451723133
-0.019463694309820576
0.004654058011683718
0.013037082044456168
-0.04478606985318741
-0.004266644568416419
-0.021488215856280735
-0.01129662760994208
-0.011670061333286096
0.000527900340959886
0.00947191590388241
-0.006338055825138199
-0.019667393381408212
0.007487137931211292
0.008326001259830603
0.034927944321156326
0.02633022971395994
-0.011278454225742635
-0.025505816925221494
-0.007860593851225423
0.02456060860072164
0.013112734159640116
-0.01495389329488361
-8.12137534936947e-05
0.015726808043310156
0.00723777936613301
0.0011112719593936926
-0.007327316959799445
0.015384871864918676
-0.027443555516932668
0.028772790924134903
0.005117468142509596
-0.011485756013005914
-0.02142400812448712
0.0033681542605476025
0.013535696366495225
0.0014547253773639708
0.00451740227660564
0.0029456896036448594
0.02212455865197179
0.02356398605394313
0.034899346981021886
0.012061732509688153
-0.0053288601081332865
-0.02270184499520067
4.052400200839335e-05
0.03689991350843658
-0.01626413509106004
-0.017877437878463336
0.0014050237616749423
-0.019898249015515675
0.03268155301503998
0.013788453662790724
-0.016167774458708564
0.02431100541684312
-0.029244513876065404
-0.048061405669887244
0.010077690283257841
-0.024750897571812813
-0.003125256859488684
-0.0017442784936774597
-0.018660680559098038
0.02290058491871129
0.003832031180335438
-0.036311860936139556
0.0011443491906486213
-0.03257575102473468
0.011695141779974072
0.029453666837724494
-0.006509223077195914
-0.007003609616857252
-0.03797880910583645
-0.056005955813596256
-0.0503090988262678
-0.03853740735932117
-0.04790992713488085
-0.06978906795804297
-0.04450271544397544
-0.07806807838072641
-0.058292443023355886
-0.10775871986815938
-0.13744857834187818
-0.1393669525882841
-0.1925786164172211
-0.20498499838742198
-0.22254847553764903
-0.21167533014285472
-0.12920377391064275
-0.06835042887559965
0.07031584035451233
0.16876067391586425
0.2577586096112305
0.24896830440189088
0.2196042383682398
0.17170586992421702
0.1257978875773596
0.10142145141305355
0.0739422031426
0.09092042359805139
0.03631652391547758
0.04980923080696725
0.0220902960192118
0.03425777737405754
0.02675701920577319
0.01879614667109961
0.025333230020355087
0.03965149237683825
0.013784890118485792
-0.014193239011545655
0.0217262260416313
-0.01017049311887442
-0.023797396613212486
0.01824917881640937
0.004105330522922571
0.00778558072257033
-0.029123725320485475
-0.008380008724171932
-0.002255095240475456
0.019968348772455968
-0.02651721807276435
0.006704499704121326
0.021560406095280548
-0.03320738688361072
0.002003288908035702
0.032490248068344114
0.017855356083715582
0.016787294801440977
0.04759293175477326
0.006967359405548315
-0.002295097244669214
-0.006371309087607533
-0.00044143619955192524
-0.013976884802972168
0.006065990580234705
-0.023094484331942795
-0.009734554575312217
0.011224004445446918
0.010509848870743566
-0.005875582133631621
-0.014795833660621758
0.01002371709498784
0.024574664463190305
-0.012912600542579193
-0.03622993668840508
-0.0044376921548156594
0.0013916183664423947
-0.023357118122258765
0.006939379507929943
0.0024427053303058503
-0.031183572092921476
0.032569888604105604
0.006212335470605051
-0.023503987327560868
-0.04743244344588715
-0.009467310971519058
0.03685100993453912
0.006089658535770927
-0.013017689659363809
0.023381314883060746
-0.017625429116016705
-0.034809954533441295
0.03082919675314478
0.013313679491679322
0.042624098528480786
-0.004051207643424709
0.028008894642228107
0.034002238860109904
0.0013524368275756146
-0.016260374149467027
-0.03554179637946839
0.004339071951621715
-0.043466963997560094
0.013124271206989205
-0.04763005533886708
-0.0050550604896036026
0.016557868357807284
-0.009766006460524572
0.02058115880230967
-0.02614218372472092
-0.0025466861496738365
-0.0006655422141390747
0.023405438591808516
0.020946392521012238
0.013370519637561263
-0.03369629206857568
0.008541409191696424
-0.015697075084259864
0.009177501180987922
0.011968227868637835
0.0011295241879827288
-0.03499871011191884
-0.015729753961993147
-0.0059673648355769784
0.010149720713083567
0.0202797421098294
2.1471666875745284e-06
-0.003758915345724238
-0.050348980677617804
-0.015213176607752574
0.01678459587200787
-0.023902914569202877
0.014937061249701046
0.0007227016008707246
0.004129599077556919
-0.04102482875671414
-0.03198742186543928
-0.004159076859662879
0.012038333140671341
0.000602057293403773
0.017799960682154888
0.03371649421482328
-0.0004425043965649807
0.000632482849809997
0.022859798799134697
-0.007260788232523919
-0.0023927708065316564
-0.0007816445717510607
0.025732483897088633
-0.03508880342582961
-0.008531204848921541
0.013634684196102202
-0.007773450854364333
-0.0016712552878326938
-0.019273279755928508
-0.009019201735258005
-0.0392082358749794
-0.014661490458159662
-0.013153388711816582
-0.01155527620458376
-0.019297988302455084
-0.0025826898444842148
0.005392420577708808
0.008860963174676051
0.01450558422347482
-0.02806273302633222
0.007830109520068806
0.027720645135916225
0.00696699925940707
0.004820117044775453
0.04622872320378606
-0.01968171804921573
0.010909190076976515
-0.012460229390967763
-0.024211224089808046
0.007429393100416135
-0.04144322375325325
0.015906798901020855
-0.0036501252520601273
-0.002432430290976067
0.02740985813296158
-0.040279203567256505
0.003961665806466138
0.0011517697616942445
0.0061562155615034544
0.0005027691448187821
-0.042100393980756004
-0.04080202424078601
-0.03012321821030446
-0.06089602400831422
-0.04152943788854677
-0.0214655354443735
-0.03219694649744048
-0.09827185768783929
-0.12220378182033709
-0.11862645445228487
-0.09167829215013891
-0.15975693005934047
-0.18836093388379477
-0.22274351069244258
-0.21671456623941612
-0.23636501033542417
-0.12468839856694537
-0.034704261894680594
0.04338602746554726
0.14421400611722918
0.1715632537081782
0.20211240277224055
0.192870170264265
0.16306074263453077
0.13271226013975712
0.13738191346810305
0.11333771281018055
0.0888775054432561
0.05377022648432341
0.05511479598644957
0.052631613059743836
0.020782363782119832
0.025315609658070223
0.026207981094657537
0.005050400212679579
0.027786878323496265
0.02333641293233335
0.037920804128800514
0.007632459883123174
0.005142041093058252
0.015455962739593548
-0.04299548122873904
0.007569680573588447
0.00042297389619101906
0.0061766268765753455
0.02303236296267492
-0.011723512200875945
0.016615667774732685
0.011614348941697814
0.02078375944571709
-0.007440271832132607
0.016353389715890655
0.01338411327774885
-0.01798934430076169
-0.0006896607658404348
-0.010480817916567022
-0.007293214518871301
0.02141549248232831
-0.041244467636584535
0.013878940194918338
-0.020801303613009282
-0.0199926251904598
0.011498683706326037
0.010808570712585185
0.03998051648108475
-0.017527481252916883
0.010900948037858621
-0.0022487155911321715
-0.029666786516050443
0.04493894650602959
0.026233806051864445
0.029066235649314192
-0.021438545950877737
0.015696780415182986
-0.01652565026956042
0.004733999728169793
-0.018099322001452263
-0.018954052822816685
-0.022338640592487104
0.020154512159140287
0.007020781559876839
0.01092277174822038
-0.02490014317298879
-0.007853089010520366
-0.010856163457155262
-0.026636263263927575
-0.0007225093045436803
-0.03733411802559741
-0.02272043042085853
-0.007911832548794018
0.0035914612600869596
0.013993367200074613
-0.018097596878878772
-0.025726186072595126
-0.020986027161175317
0.010321066157317982
0.022028341331022702
0.007851703419512902
0.021784019529504005
-0.009685850746221568
-0.033747571759476236
0.003224898086652269
0.019195398622236487
0.012298580081198296
-0.004489281512355178
5.612746008704362e-05
0.00012270439122544517
0.04530184975895241
0.008714398820073238
-0.029590272349471935
-0.01783743916656701
0.023924006375053018
0.011812030986846463
-0.011786259264742326
0.014189824045251544
-0.002873007188821128
-0.03674912192856346
0.012351185113240576
0.013097361490518437
0.006807522007485021
0.021646412255923755
0.014173233701749818
0.007957076542773694
-0.020725727378801576
0.004272371410860289
-0.007960972522928413
-0.03574190264403045
0.004379714360914005
-0.001968062761441838
0.005543718180636823
0.02150069720563531
0.01805838080187254
0.021808722198683374
0.0002212335913007713
0.01789476643368285
-0.022505557280264474
0.0199326600996276
-0.026299338983032768
0.024694023041552184
0.0179383508507045
-0.03329460001468327
0.0021119912859664746
-0.010189944951576815
0.009343840626243965
-0.0226433864184378
0.02095644558589159
0.0077427864685002505
0.005880039700851788
-0.016126187045149593
0.03711958806382079
-0.012566277162700928
-0.008161280629970232
-0.024974627936368055
-0.007432231780990173
-0.019099606114020153
-0.030228102327689632
-0.006943269911858825
-0.010698495140026416
-0.016994611402875153
-0.018828453588832998
0.002574276320113922
-0.011066306523997782
-0.018978208264932555
0.037433088055922284
0.017825223111450145
0.04163600794505472
0.02513701697858724
-0.04654451081855768
0.011255884013219138
-0.012389992403397497
-0.0010783958400802287
0.005986897658598488
-0.007295014504488374
-0.04999150178871401
-0.014795045887234983
0.0037207998802612913
-0.0005554362548549534
-0.01447282709582473
-0.013138375229965265
0.010380815522144341
-0.0028289036617363122
0.0005962937082467125
-0.006304942796475851
-0.02209788255209282
-0.021039743382465007
-0.012699669271076162
-0.021694994297507562
-0.0096720875715425
-0.031957117691365666
-0.0381843984067055
-0.08101250414645111
-0.08204756601608518
-0.13262166365719186
-0.08072993506487529
-0.09496226564130161
-0.14678758997374122
-0.15476174731363243
-0.24116436354937815
-0.18064317310492414
-0.1941199957309127
-0.1707359458304201
-0.06891147075844531
0.05640934670100568
0.16455632615945803
0.21347988333880022
0.1921506191516501
0.2332424938508434
0.18213828534253668
0.13387066509036283
0.11474254636207881
0.084018130744865
0.10513392927726557
0.0887225194036377
0.06047925087680308
0.0592077090002541
0.023779173368155136
0.034928977948405396
0.07548445264409726
0.029946966982876955
0.015477968255488535
0.007274690910793802
-0.021283387655162665
0.007812695563101449
0.007140433024628754
-0.023343814872682705
9.969442555755707e-05
0.07254461197019765
0.0027615755640154997
0.017626765220295316
0.009635559469604475
0.0024447711292908234
-0.025122455605559476
0.007469536250035113
0.001217073908356982
0.012176259110051187
0.012714253519096193
0.009447329287430523
0.03594698052259593
0.008821181995540958
-0.008000920020488838
0.0013793607346106688
0.019938992168378317
0.021697820014835736
0.008750088104666272
0.02284449119005169
0.010206790048437938
-0.023753329124656004
0.041546288569372536
0.010656448838264146
0.0158746848774531
0.0013784818303864265
0.013461152008208844
0.00037113210717082553
0.0007446093082385959
-0.009259916152503449
0.005771600177242933
-0.005308139927003408
-0.006775240991068695
0.042655643527004114
0.008267857655301478
-0.02174766896096137
0.003121707245678671
0.005278827821104424
0.005786227110960271
0.025166943885714048
-0.006682183669231028
-0.04196878516831228
0.032212790511653246
-0.016289054739519998
-0.0017109240277184317
-0.03250021812682867
-0.028852928314879043
0.0119385479086066
0.00376373771650052
0.005141449782393743
0.007857136953287332
0.008146829844988563
0.00613440761613427
0.026142091691121933
-0.022994710483499572
-0.025192817617368184
-0.03705847813442369
-0.032656127641910095
-0.007068858894735103
0.022023656340369284
-0.0015535998850009095
-0.005681912630498974
-0.00031538736557687344
0.003961624931393723
0.017635997395626313
-0.021214107132776685
-0.015526468255996502
0.010922407887773398
-0.009885987018634836
0.010394531536400652
0.0008457411316183266
-0.009460569843325885
-0.009775263878606555
0.029195968568102203
0.0008121586232609458
-0.029586669537401113
0.01123288361276323
0.011517870585500991
-0.012215092468929557
-0.0012732116867694978
0.0399594097238182
0.012393773898647981
0.008739316836266919
-0.036043746714370675
-0.0022089814380900075
0.0009093047740265653
-0.0008292663626036144
-0.0055723269192821286
0.02971295030036553
-0.03615254480233719
-0.01256091030216977
0.016084826987565252
-0.034902616845800406
0.022898254566840588
0.03247633241257806
0.026113236176812504
-0.006774884332558509
-0.020061949330542204
0.008507352379369058
0.051848712014618395
-0.005349286535620681
-0.004842117093659949
-0.011887128298183858
-0.04095210298237134
0.013715354767408726
0.007007036209142038
0.00018001256993671944
-0.011705278936449034
0.027787835152969818
-0.0066832190548584665
-0.003397900037160161
-0.013213746924692122
-0.013764055211665053
-0.00792302236685535
0.0032043540993040146
0.023341444390941348
0.013979611131388273
-0.0030458072462788994
0.02059521271655616
0.0026017516944725908
-0.017525234716050924
0.02513852330646969
-0.049977024874088664
-0.0059523591044186456
0.04002703770030804
-0.042413796829937046
0.0029013437831324784
-0.004290628117637245
-0.0005626512781482607
-0.008608957795950497
-0.0088389394498818
0.01055334658602354
-0.006296308914422724
-0.01456855835020784
-0.0032901952438004135
-0.026536742444712044
0.027097015787677623
-0.027017675832003835
-0.0044416630826855045
-0.0004659085795303442
-0.004056820515422848
-0.013857729160890725
0.027551407871403897
-0.006242860172366637
-0.005153701166159425
0.03203521726399161
0.017846872306177885
0.01290399292274272
0.015647045266740437
-0.00022148642718097827
-0.007284086640850064
-0.00904042630815288
0.005562544668191369
0.010177326502500084
-0.007439395242398217
0.01376765498526153
0.046227099697551455
-0.04662908672665587
-0.014859821961579433
0.019259454910651286
0.00900096808884743
0.013521763778451197
0.007361251631490665
-0.044708181222779676
-0.011364688753891515
-0.04459004508809468
0.01466318130610516
-0.008836735854743026
-0.03952479476663913
0.0027422475099920752
0.020544989610833567
0.02227278166336456
-0.015540268873632431
0.0005306715744108798
0.004892913464404316
0.007718787634928212
-0.004186583306638273
0.0027384420795782795
-0.011422763590620173
0.024421466978451746
-0.02239928723893276
0.010415735764547969
-0.0004904730570548252
0.0014574296806241036
0.036154515267480765
-0.003600678417155807
-0.0006208486464479254
-0.008921293554925169
-0.013467893062950357
0.008484749229955594
0.017436777588488477
0.028167504853069077
0.01827779912482093
0.00614017489208147
0.030809219180286698
-0.0036421381285832674
0.017029849154342608
-0.013596975021325815
-0.0016888869918244593
-0.05225307766610756
0.003155345164179505
0.019346468539514224
0.010686556480520174
-0.0001506635599591852
0.005751238830480704
-0.019817368274983753
0.018804621208415608
-0.019139387886737032
0.020244585535374313
-0.010164191016164028
-0.02757364895029952
0.009519962019786145
-0.005000832077112144
-0.0037265814495178414
-0.004418752997057804
-0.0034215409765805953
0.003031051149222314
-0.008659666844920573
0.00367638438052006
0.009751289465458128
0.012976910387028587
-0.0010553402948992687
-0.006147386072916827
-0.00571181763577528
0.003057644623459866
0.01826559975564801
0.021167792037299946
-0.010140276266281606
-0.016381613668856647
-0.0034429988225976975
-0.0024558955671440843
-0.021058732448469807
-0.025299575046321028
-0.010065915299525675
-0.031282627840588544
-0.015935664709328282
0.008776486020430602
-0.000485704585864981
0.0033357154998288263
0.009339006920660949
0.02979444784274523
-0.007928111878086131
0.017319100488654256
-0.00752042822105372
-0.0012641524458207813
-0.009849572391392517
-0.01205982402355356
-0.0019377675656464695
0.00874123455174253
0.046520812171439434
0.009353604940709997
-0.029393823153744492
-0.02819102654285951
0.018061677177728955
0.01638959702906375
-0.011089869313496507
0.006296471468980343
-0.006123156382356436
-0.0024380624577451516
-0.025762565822948277
-0.02023752274518226
-0.010661104251025134
-0.00440880653235482
0.019095331137896295
0.0063900625776686214
0.022392733789079935
-0.020293473509485165
0.011609327536988305
0.021085185901216743
0.004464561290518933
-0.002853255674851248
0.02509260594315365
0.00962631177326283
-0.007029713803286601
0.026981503442115626
0.0039177174112529425
0.02306515880017611
0.01981026657595238
-0.011201330416801613
0.031065519527069662
0.007006350334355608
-0.004002541230898529
-0.01836059677978104
0.01572476363961898
-0.016867858098814404
0.019652481555644648
0.005362983483637169
0.028523627104689663
0.014543606424494301
0.010670030220677616
0.017563907503600783
-0.004698614350163702
-0.01822250771985216
-0.02195787825434706
0.00395406562896362
0.0010042914167998774
0.005263021470311226
-0.02428689433982086
0.018601402178488657
0.019651348430760888
0.00900767590077169
0.01031260188057226
0.002099819867093748
-0.002797582144086928
-0.014061802411774547
