6.891790290951954438e-03
-2.961916915261201752e-02
-2.010235731704593937e-02
-1.572785400970238417e-02
1.448477123404448910e-02
-4.118105742632231087e-02
-4.139925219595261274e-02
1.795416599462984833e-02
6.399623417356936628e-02
2.896783194571848213e-02
8.772381923734251519e-03
1.485087775682441755e-02
-1.311063142626043010e-01
6.341291321541818113e-03
-5.704705966381344757e-03
-1.772341375475781911e-02
8.525203847855187395e-03
-1.058068113094179710e-02
-5.821618307013175231e-02
-2.158373348908387140e-02
-5.520605385532169340e-02
6.822613805142263566e-02
-3.830926808464389655e-02
4.969784776041860641e-02
-1.318241748983134355e-03
2.788371782483343303e-02
-4.281079643898050291e-02
3.320726649042556738e-02
2.573385465272119525e-03
-3.180467845785240472e-02
-5.264031132262175783e-02
-1.975157863918827750e-02
-3.397621105363816257e-02
2.850771233670832891e-02
8.137548986293102402e-03
3.184437331290113776e-02
4.939392027545247421e-02
4.317321111530028621e-02
-6.842727646355903359e-02
5.751677585902361528e-02
-7.006070672676613939e-04
-2.937433629980917837e-02
-1.662432255013489204e-03
-3.207057232822301072e-03
6.327773019772994778e-02
-7.101570732746522070e-03
2.279736804442331413e-03
-3.632057769677440439e-03
5.278632111178816269e-03
6.051834247781089082e-02
8.172346927174076181e-02
9.563618260786862016e-03
-3.990214939428041868e-02
-5.512769257271350060e-02
6.741762026802747623e-03
-3.560343482514077840e-02
3.529718505349459939e-02
2.669597231574559124e-02
6.441477456256176903e-02
7.462245785953936644e-03
-2.872020351235708702e-02
3.415301467313160838e-02
1.408788328646338843e-02
-7.154420676446553162e-02
-2.927070327388448315e-02
-5.836820250451667941e-02
-2.863973860907146046e-03
-1.005706102148784878e-02
-2.275807942605703044e-02
-4.294578830055285207e-02
-1.481521376732427078e-02
-8.336207699674547458e-03
-1.629301732227260782e-02
2.927728486423837942e-03
8.473648108494599707e-02
-3.416546199717224869e-02
2.168912350480560469e-02
-2.413538535098049345e-02
-5.557344640527592250e-02
-1.513307090452553801e-02
-1.208288548321412303e-02
-2.044371199133430614e-02
-6.656843520197172626e-03
2.189725453921314430e-02
1.998246793871843660e-02
6.325424120927522487e-02
-3.482326863086205454e-02
-2.977243836607245189e-02
2.035127582327917253e-02
-8.256552458506111192e-02
-5.126037846207990786e-03
-2.585671323744725969e-02
4.209379788336362060e-02
4.147420826529502752e-02
-8.367956740591337567e-03
1.508920261024371441e-02
1.987288620307679776e-02
9.181364407107282799e-02
-6.543187145355967849e-02
-3.811353037673248165e-03
3.215382753179264752e-02
5.050948119271397863e-02
-4.244789354005316928e-02
-5.491811307084205201e-02
4.089344900121029002e-04
4.188738036635253348e-02
-2.048526499884817040e-02
-1.617196216158387628e-02
-1.113615478123199248e-01
-7.282978746919357982e-02
-3.220787740868506083e-02
-2.176725326057988782e-02
5.504316342514737476e-03
-5.704612009152534163e-02
-3.561241765763917266e-02
2.655098026121644264e-02
1.289833628770845238e-02
-1.915860498761274081e-02
-3.555684937023912556e-02
1.495842420102983655e-02
-1.577177916889392628e-02
-8.882111476619500637e-03
3.878681312236952061e-02
-4.560050016275466606e-02
1.902476611681730434e-02
-1.364059703329754264e-02
3.323559874879408738e-02
2.451056518324907368e-02
-6.786326827373734272e-02
-3.662359614430626964e-02
2.118542206582272117e-02
-1.491310348941164189e-02
-2.132205349981247406e-03
1.695599894363657711e-01
-3.507476772507785862e-02
2.573094217226768853e-03
2.212345870287609970e-02
-2.934660992947342797e-03
3.566118625099327227e-02
-3.301393746449985539e-02
6.595131402063736381e-02
1.396698049101478302e-02
-4.693232388573817418e-04
2.609435632554863577e-02
-1.375364374624270421e-02
-3.668757191352350899e-02
2.032168761684126704e-02
-7.545385167835198803e-02
-2.120751517047717721e-02
5.386373517911023645e-02
2.961688099553646657e-03
3.768018787959404037e-02
-7.006310746149368995e-02
-7.162920893390374577e-02
-3.784729523803764123e-02
-7.263307071599726938e-02
4.630008228199590514e-02
-1.334236019424162555e-02
3.099494479399593494e-02
2.883138279108580712e-02
3.943926757471539341e-02
2.293441146224669755e-02
2.910177839298127775e-02
-2.031976133309140644e-03
4.596141185427880804e-02
-3.794289845780254855e-02
-1.000435863597338819e-02
3.128473209505576447e-02
2.434455458898964614e-02
-3.927722593085662683e-02
3.584587668600931060e-02
1.158630341888067065e-02
5.422834681672558665e-02
-8.046806912829603670e-03
-1.209655593382132294e-03
4.520417586811346922e-02
-2.095458687330787901e-03
3.582664837171828376e-02
1.642363268828208114e-02
3.925910298357178363e-02
5.777964830372182142e-02
7.826097637174482535e-02
-6.463291024931051842e-02
9.855745736865659593e-03
2.339207712595611083e-02
-8.929534750136025600e-03
2.476302443111604371e-02
6.707610183575405879e-03
-2.038359086467125825e-02
-3.947057695249241854e-02
-2.318840257997386873e-03
-6.420608909432927447e-02
2.022254706837963226e-02
6.956192326196032356e-04
-8.809701178438768265e-02
1.436283496660058223e-02
6.940727676376344524e-02
-7.979685262198689399e-02
3.701737976352782733e-02
-4.581808761060494894e-02
7.784650293301960573e-03
4.775406601593316924e-02
-3.249785628151591332e-02
1.380230859102327644e-02
1.760464157463523596e-02
3.439384034460913481e-02
-4.151128783672216119e-03
1.741999543510409226e-02
-2.031321712165017057e-02
-2.141021635800051739e-02
1.749497648716556719e-02
-2.699299939917081722e-03
-2.081069299433624658e-03
-4.847642294518292316e-02
1.349996215691029976e-02
7.102961337967426958e-02
1.088873176726028354e-02
-6.151121838063086655e-02
-3.545355091589357660e-02
-2.543666602450440212e-03
3.573904563505883591e-02
3.654537951037622155e-03
7.694163148419085052e-02
1.169021848842636546e-01
-3.389628271979413382e-02
-8.196371276507403991e-02
-1.305404674930311969e-03
-3.480928891267731640e-02
6.826114621077484894e-03
2.787746776877229535e-02
1.204544215370162430e-02
-6.294765144203878782e-03
3.143769989643562662e-02
-1.878759677933887484e-02
-8.615110425746913027e-04
-4.458786060441475782e-03
2.689447439551000824e-02
-5.076768695182933520e-03
-6.603019161046097540e-02
-4.407850696585556560e-02
1.019852036626814513e-02
9.858373772866893883e-03
-4.649038388043417146e-03
5.731419882810605965e-02
-2.654933200766786128e-02
5.999852271461268705e-02
7.260654283025738676e-02
3.648558985898314733e-02
5.257009743135133278e-02
-4.138086402054835106e-02
2.108581524751671973e-02
4.754546605918641422e-02
2.192143952128677853e-02
-6.705711345232211358e-03
-2.072514815269304103e-02
-1.040210060979035586e-03
3.804877169172050932e-02
3.602809701614581583e-02
2.640989675430181760e-02
7.250628565119056346e-02
-1.566075822314428809e-02
2.625223947411057732e-02
2.208032496883982967e-02
-7.787467289880831145e-02
2.090807141002028538e-02
-3.095171119586792932e-02
2.345373572739554990e-02
-3.609827656969187559e-02
-3.293274087850536769e-02
-8.073827194771079907e-02
2.103614784481537200e-02
5.118541370619070045e-03
-8.853923051930003355e-03
8.989041415602921567e-03
-2.373246054339143638e-02
4.454548565883562766e-02
3.152265642428915549e-02
-1.363602392948025377e-02
-5.709498484567505916e-02
-6.417960496654677438e-02
-2.328793774930085908e-02
3.710131311369704865e-02
-8.261148181102786689e-03
1.148349477473090303e-02
-1.136373565335138808e-01
2.679284923247666345e-02
1.348247716454668323e-02
1.424517074196935025e-02
-1.141955672703428085e-02
2.345038049250337125e-02
2.747291045579563357e-02
-4.447832168247293355e-02
4.135770430462305802e-02
6.320660778487366231e-03
1.616108805574289695e-02
2.202602073281485426e-02
4.153442591846270154e-02
-3.643372690102882755e-02
1.487319907570935906e-02
4.369503276922017711e-03
-1.752047209076630641e-02
-2.244006036967576695e-02
-4.781462960457156380e-02
3.030201449174844616e-02
-8.418625530578784794e-03
1.494815154707289546e-02
3.395664711226410726e-02
-4.883809792471814626e-02
-7.920654611521048272e-02
3.271573451144333539e-03
-6.063892044082019178e-02
-5.918112358959398689e-02
5.458644783815420898e-03
-4.329649923986287480e-02
-7.545026036315680140e-02
-5.800150376056117940e-02
-9.265111732599232153e-02
-5.027541730277765297e-02
-8.687639726612925162e-02
-4.804383420904517754e-02
-1.605798217149157769e-01
-1.474572680276852732e-01
-1.424222014073504017e-01
-1.820850829102133028e-01
-1.554412228383016403e-01
-2.275691224143409908e-01
-8.921965536694412280e-02
-7.599777878950533805e-02
3.287696770647841049e-02
1.401451280435930258e-01
2.196547183860949604e-01
2.118654473557421980e-01
2.369908863127814236e-01
1.312065980250795572e-01
1.769058270029919555e-01
9.241120107100346537e-02
9.817168528907518898e-02
1.400621154332084006e-01
7.349754743435887860e-02
3.872337570837580678e-02
8.550081928497657580e-02
3.769096106465275042e-02
1.848757695958166969e-02
6.388298964940741786e-02
2.670797587265464831e-02
1.882092256197760716e-02
1.041696311370107417e-02
1.811230622477492599e-02
2.279398907464237276e-02
5.948598688078992475e-02
-2.868030119685117257e-02
-2.584820246383381925e-02
2.525566705932016237e-02
1.386842722090507289e-02
4.216506112067396755e-02
-2.649470953223727679e-02
3.942731050089934297e-02
-4.986613111715915148e-02
5.466084040149263301e-02
-6.242579014302394175e-02
-2.802691327087791784e-02
5.381657633463491491e-03
2.288108190565489673e-03
4.953683052219275129e-02
3.611595420729283006e-03
-2.346752383533815683e-02
3.954488397411665135e-02
3.394969049660357275e-03
-7.926323365411190591e-02
1.162359993973462874e-02
-3.580628166024407699e-02
2.337858400488701527e-02
-3.729408087017233031e-02
-7.574323091397817259e-03
1.018489653725296457e-01
3.367874426582834896e-02
-6.563955840602532683e-03
-3.570192506958244638e-02
1.569728291513286175e-02
-1.288675494466200600e-03
-1.329301039368600487e-02
6.979500752372393146e-02
-4.596348620300581139e-02
4.844228841939404034e-02
7.170419273797581927e-02
-6.762096579809455388e-02
1.419998628483670755e-02
4.784492946810439684e-02
-6.299417536699955522e-02
1.302649664436563749e-02
-3.742366411612025462e-02
2.439276892022513438e-02
3.686801150038180198e-03
-7.493235634369481424e-02
3.707424982055186613e-02
2.316475994622435239e-02
2.691831102186775793e-02
6.109514853139211971e-03
-2.044119760152358651e-03
7.740628673771711432e-02
-1.316207591767080617e-02
-1.006553694951532914e-02
1.947458899774390955e-04
1.847356498947647085e-02
3.466433236371083138e-02
3.536156353583803924e-02
-2.103728874042728320e-02
2.214763514938649855e-02
-4.437117899710536079e-03
-8.070213660788959700e-03
-2.266911046865908996e-02
3.204498160871249723e-02
2.883356575806782576e-02
-5.636136234657758426e-02
-3.482844023392185628e-02
-2.625293054308329779e-02
-8.601324186717248035e-03
-2.044928559294140885e-02
1.216015504724479029e-02
6.759901131993849288e-02
-1.509376273279405128e-02
4.376813515221564428e-03
-2.927589414465735229e-02
-2.780428171324911962e-02
-9.106770170916317700e-03
-4.846791894417756819e-02
1.460237913362056814e-02
2.891444474578785603e-02
4.155692300521077881e-02
-2.594333153560682628e-02
-4.810427335798110604e-02
-1.751200818807887444e-02
4.709029577644996412e-02
-2.299073755294294211e-02
-3.439541112259844602e-02
-1.399712770658577410e-02
3.223293837826199382e-02
2.858657206366811698e-02
8.099638821222147900e-02
-3.479734590949559205e-03
-1.919523032445017569e-02
-3.340911697771962313e-02
1.558175212360120993e-02
-2.089542674018128252e-02
9.447231226262661763e-02
-4.778733090756524110e-02
-3.026183389991341649e-02
9.947049773006484685e-03
-7.159813704587783198e-04
1.563047490142665738e-02
1.586652010667641971e-02
-2.005016113950527229e-02
2.006339731687231676e-02
1.583259769456521818e-02
2.940875194604027770e-02
7.607349789275784716e-03
-2.081578197549604700e-02
2.211627308458681551e-02
-1.788356038058053904e-02
6.876167550184896643e-03
-2.917630043735263204e-02
-5.713709328743433319e-02
6.690170705618034980e-03
-4.347705358979066237e-02
-3.861081490219755129e-03
2.252952513569510956e-02
3.958628197616079897e-02
-9.196900735001875549e-02
-1.933438623981180091e-02
3.804905580793319086e-02
4.041488581434207750e-02
-1.596318401693168354e-02
1.017964916814604378e-03
6.825681814159845553e-03
1.602038990579960145e-02
1.154593931225354753e-02
1.519695116295882199e-02
-1.414542867094595096e-03
2.783377770513254662e-02
-3.402011231803479807e-02
-6.054647676290254160e-02
1.463068675364849122e-02
-5.328186425516928497e-03
2.587339845915440084e-02
-2.376226934821102504e-02
-1.899072956590482086e-03
-1.989163180673905393e-02
1.476097237222181134e-02
-5.306222611723269977e-02
4.747852906316837873e-04
2.393755394020157662e-03
-8.883792952016172223e-03
1.402495437708188228e-02
2.188290946352675070e-02
-2.274222990016222523e-02
2.924926771119187516e-02
-9.510018854000708982e-03
-2.335882710544153612e-02
-4.664914376880761882e-03
-2.766387353518363207e-02
-2.337780913032050378e-03
-5.496008466241032731e-02
-1.199037403194401497e-01
-1.331304571043737395e-01
-1.265838434593733741e-01
-1.578320519600627247e-01
-1.934328214668702972e-01
-1.755647223827394299e-01
-1.686471059947075579e-01
-2.217310331598307260e-01
-1.519543190857076675e-01
-1.538745225562124230e-02
1.816477953337451018e-02
1.108833082218153854e-01
2.920931802845495029e-01
2.120461223283084673e-01
1.726689013532509975e-01
9.882131266174914996e-02
1.885046780992544191e-01
1.000219164269560285e-01
8.700003959179797297e-02
1.067987555971073865e-01
1.311932662199455091e-01
4.445986140465091330e-02
7.521815844264054252e-02
1.112802161452088878e-01
8.949103098053468042e-02
3.657904143752767345e-02
-1.931765528959537848e-02
-1.782993836540924110e-02
-1.747940289672118147e-02
-1.277937307852556117e-02
8.613639626813116013e-02
3.435231044884658885e-02
4.028054166322871804e-03
1.484202039421179953e-02
1.659897122595668101e-02
8.936071330721830075e-02
4.624597555772190505e-02
1.975195085100993342e-02
6.413485930024957760e-02
-5.379420149878584578e-02
3.385448817568533809e-03
-3.042874501379708510e-02
5.888669852798699561e-02
7.233457727444018992e-02
-3.403891398786773170e-03
-3.406169235540839474e-02
-1.506177696912639266e-02
-3.937332711135792945e-02
6.129153483688074000e-03
3.175846411029524530e-02
7.671882818017415617e-03
-1.576505413434967084e-02
-4.205921725384507287e-02
3.592990012468423588e-02
6.001761415637951735e-02
7.607648022067153848e-02
1.285481421188264597e-02
3.982888116006122470e-02
2.893394085307892175e-02
-4.275347391818280773e-02
-8.728786492125790303e-03
3.739000660673496082e-03
4.449735008381198315e-02
2.677697376588140943e-02
-3.145251567294264639e-02
-1.542979796872111405e-02
1.732889541088046895e-02
-4.983173275358949300e-02
3.646290691304385212e-02
5.257586448249364566e-03
6.254199268215571150e-02
1.797459272236072783e-02
-3.026625815902597369e-02
-3.712463920659824640e-02
1.942968529982228715e-02
-8.241586426608847604e-03
1.899816318140258586e-02
-1.066437449108321826e-02
6.157410072662148487e-02
-6.135995128265887139e-02
-1.315448605521898559e-02
8.576752002006503284e-02
-1.680380746456496335e-02
-3.496288394672113220e-02
2.921914427256020949e-02
-7.437173440263274149e-02
1.654661805733126725e-02
4.945649860072225817e-02
-6.419426008065581835e-02
3.524732310034697086e-02
2.613802359057316310e-02
-2.515722740060091431e-02
-8.738800394645683881e-03
-9.337329915034019157e-03
-1.336163552960550546e-02
-1.492853817508914271e-02
-1.000728313607063616e-02
8.049001986889525034e-03
7.634657516046425285e-02
3.715112830467116184e-02
4.215225847230946732e-02
-6.231719843026462674e-02
5.270974486024923578e-02
4.440656442362400647e-02
2.234427657631775713e-02
5.455977114005814560e-02
1.239534248179413774e-02
1.448325162657173627e-02
-5.042327874596676945e-02
-1.273156088908533254e-02
-9.837154253695390427e-02
2.366119993919999984e-02
-5.087911450452409917e-02
5.271125659700053902e-03
-7.897199967534675180e-02
-2.910397955364737999e-02
-3.065864121424104888e-02
2.931292047862425233e-03
4.794688822033931451e-03
1.088175621769886525e-02
-4.454120630864238234e-03
-4.204878636562146832e-02
6.372147702396310266e-03
4.049605242782267772e-02
2.060444101384128340e-02
-1.638445525456098256e-02
3.817098101317988046e-02
1.835307788617684607e-02
4.334504306460723599e-02
-5.327718612047786101e-02
-6.986411032814543454e-02
-4.685534998073290908e-02
-8.812502848957962792e-04
-3.344518035465603167e-02
-2.952143968997639201e-02
-1.537143295262586445e-03
9.156106940389758045e-03
-7.684679944302175332e-03
-3.946378127222550242e-02
-4.583328582775567095e-02
-4.575947540647429083e-03
-1.085247689373944162e-02
-4.709995982823880073e-02
1.455250414714065466e-02
-1.027229187940053266e-02
5.432131310072538938e-02
3.696067552603902323e-02
1.760940943356799479e-03
-2.914431983606468723e-03
1.275723111826850692e-02
-2.259291021231517489e-03
-8.273788702953978336e-02
-2.057144188207216638e-04
-5.612391544170401703e-02
3.308081657637305245e-02
-8.378469654251215204e-03
-2.954737538374527239e-02
6.577260041919810729e-02
7.105420788299289525e-02
-6.713631797928363426e-03
-5.090444916790554802e-02
-7.752085090477142844e-03
1.561786160904059945e-02
-4.400611618675613623e-02
1.787766915244854565e-02
8.085769078321321246e-03
-3.063375784825395423e-02
1.226974322378853247e-02
9.850543692053962547e-04
-7.288219874545949842e-03
7.492235599454987252e-03
-3.263192854221431266e-02
-1.792995383935684639e-02
1.156553835621692769e-03
-4.075778628667586778e-02
-3.727080821704084612e-02
-5.835086536202656327e-02
1.496855781252925607e-02
-6.522411125222754569e-02
-1.134352762401194883e-02
-5.036055495311465846e-02
-2.277993802890057942e-02
-1.136985527229756876e-01
-4.640533373677888790e-02
2.573394122281899565e-03
5.420633498898208558e-05
-1.114182809945589436e-01
-1.790198882827075955e-01
-1.970669903192076577e-01
-2.398305210122600728e-01
-1.996022480321242021e-01
-1.581103590918466473e-01
-1.843552828117572262e-01
-5.163142361877114117e-02
7.969626798083472019e-02
1.246661144268085830e-01
1.808259595805297160e-01
2.773236425299379637e-01
1.304947048868511372e-01
1.454379833517948084e-01
9.544183736262007445e-02
1.773332126998999336e-01
1.405599419249247972e-01
1.503803015386916409e-01
7.555971501800209933e-02
3.240391020962473528e-02
6.958205789303775757e-02
2.422232801246156086e-03
1.969583412438940390e-02
-4.487230848874147054e-02
2.670521455694283702e-02
4.388200879835399415e-02
3.203489911093494041e-02
-1.057821628864419675e-02
-5.420594334511667431e-03
-5.039736856964934300e-03
8.574151648229146050e-02
3.216788191895383897e-02
6.740561700654898458e-02
-1.314250889172985381e-02
2.038992022673193766e-02
-6.188097883339146316e-02
-3.874350759653309023e-02
1.767804898803856939e-02
-2.315280144929836997e-02
3.695309489092619276e-02
1.671298665679940912e-02
-2.839694318067611731e-02
-4.969357784989286014e-03
-9.122612000909360863e-02
5.125604152733807817e-02
3.920744151433772084e-02
-5.082703526382103751e-03
5.016569597951515275e-02
2.566006202507525175e-02
6.276186483599006764e-03
1.670383951495769265e-02
-3.451917570105177135e-02
-4.380701436926677517e-02
-2.158521226150906733e-02
-3.759068032886319494e-02
9.537540234442020218e-03
1.669240601400902996e-02
-7.894373543419316852e-02
3.845040857532598666e-02
-4.936030408672958947e-02
2.252776292619501283e-02
2.991120219701423610e-02
-7.843827119726086428e-02
5.718185120137963574e-03
5.186105659526307060e-02
-9.335823947028229486e-02
6.552358239092269387e-02
-2.972153349671046232e-02
-4.650620310196840884e-02
1.045233654422223456e-02
1.664756813924947801e-02
-2.607194348422392505e-02
-1.815571251178845977e-02
-4.358675231907829968e-03
-1.566569446836965987e-02
-7.942020478226401170e-02
6.490164125136687126e-03
-3.514111645296499886e-02
-1.158076700259302871e-03
-2.753342741535650881e-02
3.071801735460722577e-02
1.071439229912971580e-01
3.079402299007024529e-02
-2.952359489462472522e-02
3.281740721450723819e-02
-1.618635813303346410e-02
-3.778787702233369489e-02
-3.065935813127013132e-02
2.467750474072960901e-03
-3.026400185874453686e-03
1.527404465590826224e-02
-6.922407577044017990e-02
4.249920801894116473e-02
-3.401992099296103494e-02
7.541137933915993685e-02
1.522065589910792660e-02
-6.465905459561135937e-02
-7.157312371818400076e-02
-4.129179754980646933e-02
1.102537822713149478e-02
-1.141129054348451188e-02
2.639398237123020963e-02
-5.327095858176669058e-02
4.628826974719196796e-02
-2.271787056090761314e-03
5.388031407116398476e-03
-1.849426282269463206e-02
9.081729539219379407e-03
2.544255570062146574e-02
-1.134924149787786170e-02
1.198754755543352847e-02
-1.200960604085661056e-02
-3.330021212436350825e-02
-1.889495723777092837e-02
-8.017291791892403388e-03
1.895050105074000402e-02
-7.118205185389947509e-02
-1.708092261288482461e-02
-1.229320048468088983e-02
-1.264709698979392914e-02
-4.041195975699154314e-02
2.892564084410331401e-03
5.313690643238743599e-02
2.477632971802756767e-02
6.054017078637730087e-02
-1.076149244083814561e-03
-7.812301385548571162e-03
1.439913445917736894e-02
9.020248834866123611e-02
5.493133728860771781e-02
2.181706902288280125e-02
1.624429424011217607e-02
-2.253891280985603762e-02
-3.753770530734024113e-02
-2.640068579012474353e-02
2.582184197486525265e-02
1.890008246835680333e-02
3.791054649500426310e-02
2.479621929539910230e-02
-1.478973757024710546e-02
-2.216294279887292325e-03
3.371142013049593239e-02
5.550150658938091813e-02
-1.954144671270534382e-04
-2.680270238432670531e-03
2.687098793729478241e-02
5.454720842637059662e-03
-7.867531164813854061e-02
-8.301148507629221157e-03
2.695591335000686525e-02
-6.138586844502098849e-02
2.890221752753943663e-02
1.569704848004179962e-02
-3.698150966844327564e-03
3.935644519302530092e-02
7.271693994775546089e-04
4.369975267216405501e-02
-6.322746639446577555e-02
-4.431532673213372381e-02
1.035280507356991196e-02
-5.563093105661371524e-02
-1.463665239722406960e-02
2.429636225147043319e-02
-1.808578962122776856e-02
-6.255038646306376737e-02
-4.029782564353471923e-03
-5.926584150275265687e-03
4.720795298948824575e-02
-8.833034434370473642e-03
-1.239540342628170973e-03
6.028555399268987341e-03
5.284749343793020354e-04
6.177081475625635643e-02
2.373996805427280865e-02
-2.705519404116199511e-02
9.289536259532199698e-04
3.854955196534917000e-02
2.127292828009589437e-02
-6.492926639055691951e-02
-9.668482709932620447e-03
1.948179258821253201e-02
-6.584342029195365542e-02
4.048395768279901275e-02
3.701786787853173638e-02
3.205393651122924459e-02
-8.232554608835809459e-03
-1.701821572112013209e-02
9.608185360682348561e-03
3.540183336417132565e-02
-6.724097277794835459e-02
1.510306152524744892e-02
-4.106097631382903124e-02
3.971068671022748298e-02
-5.298979761622568674e-02
2.913431362934361391e-02
5.303345602420263261e-02
-3.472338139799052009e-02
-1.226818546968332958e-02
4.316782498808792445e-02
4.156273152692024908e-02
-5.250081943114230654e-02
2.115229569500788956e-02
-3.340340827342636737e-02
3.086434349830601345e-02
-1.271106430946923257e-02
8.249316250980649745e-02
2.432312861158749534e-02
2.031762558976809088e-02
1.353324999791784451e-02
3.194146132434966256e-02
1.746394613716785102e-02
-3.121932814427083504e-03
5.356449942478402892e-02
-2.352401997712053397e-02
-3.394063950616756087e-02
4.011557333537650420e-03
6.277429092867128912e-02
-8.348633078362730636e-03
-8.165698164298528221e-04
-3.020193115666933506e-02
3.137177196251600408e-02
-2.967686895916524584e-02
-3.582023185532526993e-02
9.794879206129684934e-02
4.188927492170395339e-02
9.169120843649420510e-03
-4.573967960092426531e-03
3.252913786211217989e-02
3.420053458920161576e-02
1.181537895365168331e-02
2.633416407640713774e-02
4.115231393445817343e-02
-5.597456601049999314e-02
-3.108680682457165903e-02
4.188412010018877779e-02
1.085683261847954364e-04
2.018405810387764385e-02
8.093160185429917148e-04
-3.032625215901156232e-02
5.434761486017107568e-02
-2.275184310664076989e-02
2.385777409347644359e-02
4.373840551394597015e-03
-1.665457190892045275e-02
-5.712549466404628212e-02
-7.629787275238544830e-02
5.376181499222275340e-02
-2.447022306934982724e-02
-5.223127632784905355e-03
4.264911988655983172e-03
5.649974648240184069e-03
7.604496021261947583e-03
-6.367779381164000163e-03
4.010054971788289818e-02
-3.782913123014213560e-03
-3.663992069241050857e-03
1.883118699938623672e-02
6.495723130614508914e-03
4.480204510253038563e-02
1.581498227487398989e-02
3.694905714336430697e-02
2.133374602845842724e-02
1.340522175299464942e-02
3.491051949184879877e-02
1.931189094134430281e-02
-1.009137386120359525e-02
5.484701521851227841e-03
4.050802371920675382e-02
2.654663554840785283e-02
1.455218785704603078e-02
-2.498350142085662556e-03
1.667053240613943985e-02
9.511179847519785069e-03
2.123083037386421998e-02
1.297738396457471209e-02
-2.483793414021291408e-03
-6.800934905710619149e-02
8.654346317302568162e-03
9.891972417412447233e-03
8.054173240841958764e-03
6.766270492262665970e-03
-1.178227432113663174e-02
-2.101903203754320812e-02
-5.560966936989898690e-02
6.754063209585109417e-02
9.826492627045768646e-03
-1.973956869025913097e-03
2.147363702870244001e-02
6.753423512571522271e-03
1.649769127133394325e-02
-3.655296286883385343e-02
6.648523088269483669e-03
3.314649837525008441e-02
-5.372563798914798544e-02
-4.269654170796301912e-02
2.688873264436517432e-03
2.543952134951582220e-02
1.409951599636404505e-02
2.125674656854645295e-02
-3.833506605784123278e-02
5.432363115156141516e-03
-3.308787300558316269e-02
-1.964788026628325884e-02
4.639129624157015651e-03
8.016669250214372364e-03
3.681339937290994957e-02
-3.821912068967411868e-02
-3.685705976273888351e-02
-3.661960200266373491e-03
-2.982089455327026697e-02
2.597534417786121624e-02
-5.995642520906652867e-02
-7.456296736667689107e-02
-6.449053587542760702e-03
-3.250355401783720788e-02
7.147060398278838600e-02
-1.578497732702406967e-02
-1.852773934701783688e-03
-1.574979251139022995e-03
-2.259745297503709324e-02
-3.135031694274020841e-02
-1.119142140861653645e-02
2.168461284887240968e-03
-6.441295973484328918e-02
6.212136831989938796e-02
-2.736793464059906773e-03
-2.365620830429672819e-02
-2.129574691445920015e-02
1.475722472146524453e-02
1.657047022002473141e-02
2.081815234257047148e-02
2.061334980451821029e-03
-1.572182741076747208e-04
-2.371569693754290234e-02
1.316865449941313077e-02
-5.957681155666669053e-03
